  0.910044687187396     
  -2.13972615788430     
  0.910044687187396     
  -2.13972615788431     
 -2.041836818194014E-018
  0.366025403784439     
  0.366025403784439     
 -0.770318529303094     
 -2.301430178374628E-017
  -1.36602540378444     
  -1.36602540378444     
 -0.770318529303091     
  -2.41004468718741     
  -2.41004468718740     
  0.639726157884307     
  0.639726157884305     
  -1.50000000000000     
  -1.86602540378444     
  -1.86602540378444     
 -0.133974596215561     
  -1.50000000000000     
 -0.133974596215562     
  -1.70710678118655     
 -0.729681470696909     
 -0.729681470696911     
  -1.70710678118656     
  -1.70710678118655     
  -1.70710678118655     
  0.207106781186548     
  0.207106781186548     
  0.207106781186547     
  0.207106781186548     
  -1.70710678118655     
  0.207106781186547     
  -1.70710678118655     
  0.207106781186548     
 -0.292893218813452     
 -0.292893218813453     
  -1.20710678118655     
  -1.20710678118655     
  -1.20710678118655     
  -1.20710678118655     
  -1.20710678118655     
 -0.292893218813453     
  -1.20710678118655     
 -0.292893218813454     
 -0.292893218813453     
 -0.292893218813453     
  -1.00000000000000     
  -1.00000000000000     
  -1.00000000000000     
 -0.999999999999999     
  -1.00000000000000     
  -1.00000000000000     
 -0.500000000000002     
 -0.499999999999999     
 -0.500000000000000     
 -0.500000000000001     
 -0.500000000000000     
 -0.500000000000000     
  0.000000000000000E+000
  -1.50000000000000     
  -1.50000000000000     
  0.000000000000000E+000
