		-0.347339E-029	-0.131930E-028	-0.501518E-028	-0.190804E-027
		-0.131716E-028	-0.499888E-028	-0.189872E-027	-0.721780E-027
		-0.499890E-028	-0.189564E-027	-0.719434E-027	-0.273262E-026
		-0.189874E-027	-0.719437E-027	-0.272819E-026	-0.103540E-025
		-0.721789E-027	-0.273265E-026	-0.103541E-025	-0.392639E-025
		-0.274608E-026	-0.103879E-025	-0.393280E-025	-0.149015E-024
		-0.104562E-025	-0.395213E-025	-0.149502E-024	-0.566006E-024
		-0.398476E-025	-0.150485E-024	-0.568787E-024	-0.215162E-023
		-0.151984E-024	-0.573483E-024	-0.216577E-023	-0.818594E-023
		-0.580188E-024	-0.218734E-023	-0.825353E-023	-0.311696E-022
		-0.221677E-023	-0.835002E-023	-0.314800E-022	-0.118784E-021
		-0.847742E-023	-0.319036E-022	-0.120173E-021	-0.453058E-021
		-0.324493E-022	-0.122006E-021	-0.459154E-021	-0.172952E-020
		-0.124324E-021	-0.467007E-021	-0.175590E-020	-0.660811E-020
		-0.476789E-021	-0.178926E-020	-0.672112E-020	-0.252708E-019
		-0.183034E-020	-0.686190E-020	-0.257508E-019	-0.967295E-019
		-0.703368E-020	-0.263418E-019	-0.987548E-019	-0.370600E-018
		-0.270575E-019	-0.101224E-018	-0.379095E-018	-0.142122E-017
		-0.104191E-018	-0.389354E-018	-0.145661E-017	-0.545513E-017
		-0.401525E-018	-0.149872E-017	-0.560056E-017	-0.209521E-016
		-0.154697E-017	-0.576712E-017	-0.215260E-016	-0.804396E-016
		-0.593485E-017	-0.220964E-016	-0.823731E-016	-0.307450E-015
		-0.223386E-016	-0.830518E-016	-0.309186E-015	-0.115249E-014
		-0.784150E-016	-0.291052E-015	-0.108178E-014	-0.402598E-014
		-0.224304E-015	-0.830829E-015	-0.308174E-014	-0.114459E-013
		-0.436957E-015	-0.161481E-014	-0.597627E-014	-0.221470E-013
		-0.589086E-015	-0.217261E-014	-0.802499E-014	-0.296835E-013
		-0.661312E-015	-0.243454E-014	-0.897724E-014	-0.331531E-013
		-0.699247E-015	-0.256945E-014	-0.945868E-014	-0.348766E-013
		-0.727979E-015	-0.266976E-014	-0.981017E-014	-0.361128E-013
		-0.755958E-015	-0.276641E-014	-0.101454E-013	-0.372796E-013
		-0.785885E-015	-0.286914E-014	-0.104995E-013	-0.385053E-013
		-0.818853E-015	-0.298174E-014	-0.108859E-013	-0.398364E-013
		-0.855586E-015	-0.310655E-014	-0.113121E-013	-0.412986E-013
		-0.896805E-015	-0.324583E-014	-0.117853E-013	-0.429147E-013
		-0.943365E-015	-0.340219E-014	-0.123136E-013	-0.447097E-013
		-0.996325E-015	-0.357881E-014	-0.129068E-013	-0.467139E-013
		-0.105704E-014	-0.377973E-014	-0.135768E-013	-0.489641E-013
		-0.112727E-014	-0.401006E-014	-0.143390E-013	-0.515060E-013
		-0.120932E-014	-0.427647E-014	-0.152128E-013	-0.543975E-013
		-0.130632E-014	-0.458776E-014	-0.162235E-013	-0.577124E-013
		-0.142258E-014	-0.495576E-014	-0.174044E-013	-0.615466E-013
		-0.156414E-014	-0.539678E-014	-0.188005E-013	-0.660266E-013
		-0.173982E-014	-0.593382E-014	-0.204736E-013	-0.713229E-013
		-0.196281E-014	-0.660028E-014	-0.225110E-013	-0.776700E-013
		-0.225369E-014	-0.744625E-014	-0.250393E-013	-0.853991E-013
		-0.264585E-014	-0.854973E-014	-0.282486E-013	-0.949907E-013
		-0.319629E-014	-0.100375E-013	-0.324349E-013	-0.107166E-012
		-0.400744E-014	-0.121257E-013	-0.380789E-013	-0.123047E-012
		-0.527451E-014	-0.152029E-013	-0.460007E-013	-0.144459E-012
		-0.739273E-014	-0.200097E-013	-0.576747E-013	-0.174511E-012
		-0.112129E-013	-0.280455E-013	-0.759103E-013	-0.218799E-012
		-0.186792E-013	-0.425379E-013	-0.106395E-012	-0.287979E-012
		-0.344915E-013	-0.708628E-013	-0.161375E-012	-0.403629E-012
		-0.706018E-013	-0.130849E-012	-0.268830E-012	-0.612201E-012
		-0.158806E-012	-0.267840E-012	-0.496398E-012	-0.101985E-011
		-0.387047E-012	-0.602456E-012	-0.101610E-011	-0.188317E-011
		-0.100683E-011	-0.146833E-011	-0.228552E-011	-0.385473E-011
		-0.275821E-011	-0.381959E-011	-0.557034E-011	-0.867050E-011
		-0.787207E-011	-0.104637E-010	-0.144903E-010	-0.211320E-010
		-0.232138E-010	-0.298640E-010	-0.396959E-010	-0.549712E-010
		-0.702875E-010	-0.880654E-010	-0.113294E-009	-0.150593E-009
		-0.217483E-009	-0.266648E-009	-0.334091E-009	-0.429801E-009
		-0.685185E-009	-0.825058E-009	-0.101157E-008	-0.126743E-008
		-0.219178E-008	-0.259936E-008	-0.313000E-008	-0.383757E-008
		-0.710274E-008	-0.831489E-008	-0.986111E-008	-0.118742E-007
		-0.232765E-007	-0.269454E-007	-0.315439E-007	-0.374097E-007
		-0.770261E-007	-0.883023E-007	-0.102221E-006	-0.119666E-006
		-0.257077E-006	-0.292201E-006	-0.334977E-006	-0.387777E-006
		-0.864434E-006	-0.975128E-006	-0.110835E-005	-0.127061E-005
		-0.292523E-005	-0.327764E-005	-0.369734E-005	-0.420246E-005
		-0.994439E-005	-0.110752E-004	-0.124093E-004	-0.139981E-004
		-0.338060E-004	-0.374445E-004	-0.417004E-004	-0.467209E-004
		-0.113192E-003	-0.124742E-003	-0.138145E-003	-0.153819E-003
		-0.354943E-003	-0.389247E-003	-0.428753E-003	-0.474563E-003
		-0.911905E-003	-0.994985E-003	-0.108991E-002	-0.119903E-002
		-0.160315E-002	-0.174057E-002	-0.189638E-002	-0.207400E-002
		-0.195126E-002	-0.210999E-002	-0.228883E-002	-0.249132E-002
		-0.197546E-002	-0.212932E-002	-0.230182E-002	-0.249608E-002
		-0.188326E-002	-0.202432E-002	-0.218180E-002	-0.235833E-002
		-0.176801E-002	-0.189566E-002	-0.203761E-002	-0.219607E-002
		-0.165570E-002	-0.177109E-002	-0.189895E-002	-0.204114E-002
		-0.155192E-002	-0.165646E-002	-0.177191E-002	-0.189982E-002
		-0.145713E-002	-0.155211E-002	-0.165666E-002	-0.177212E-002
		-0.137064E-002	-0.145718E-002	-0.155216E-002	-0.165671E-002
		-0.129159E-002	-0.137065E-002	-0.145719E-002	-0.155217E-002
		-0.121917E-002	-0.129159E-002	-0.137065E-002	-0.145719E-002
		-0.115266E-002	-0.121917E-002	-0.129159E-002	-0.137066E-002
		-0.109144E-002	-0.115266E-002	-0.121917E-002	-0.129159E-002
		-0.103497E-002	-0.109144E-002	-0.115266E-002	-0.121917E-002
		-0.982758E-003	-0.103497E-002	-0.109144E-002	-0.115266E-002
		-0.934399E-003	-0.982758E-003	-0.103497E-002	-0.109144E-002
		-0.889520E-003	-0.934399E-003	-0.982758E-003	-0.103497E-002
		-0.847795E-003	-0.889520E-003	-0.934399E-003	-0.982758E-003
		-0.808936E-003	-0.847795E-003	-0.889520E-003	-0.934399E-003
		-0.772685E-003	-0.808936E-003	-0.847795E-003	-0.889520E-003
		-0.738816E-003	-0.772685E-003	-0.808936E-003	-0.847795E-003
		-0.707123E-003	-0.738816E-003	-0.772685E-003	-0.808936E-003
		-0.677426E-003	-0.707123E-003	-0.738816E-003	-0.772685E-003
		-0.649559E-003	-0.677426E-003	-0.707123E-003	-0.738816E-003
		-0.623376E-003	-0.649559E-003	-0.677426E-003	-0.707123E-003
	-0.131930E-028			
	-0.499888E-028			
	-0.189564E-027			
	-0.719437E-027			
	-0.273265E-026			
	-0.103879E-025			
	-0.395213E-025			
	-0.150485E-024			
	-0.573483E-024			
	-0.218734E-023			
	-0.835002E-023			
	-0.319036E-022			
	-0.122006E-021			
	-0.467007E-021			
	-0.178926E-020			
	-0.686190E-020			
	-0.263418E-019			
	-0.101224E-018			
	-0.389354E-018			
	-0.149872E-017			
	-0.576712E-017			
	-0.220964E-016			
	-0.830518E-016			
	-0.291052E-015			
	-0.830829E-015			
	-0.161481E-014			
	-0.217261E-014			
	-0.243454E-014			
	-0.256945E-014			
	-0.266976E-014			
	-0.276641E-014			
	-0.286914E-014			
	-0.298174E-014			
	-0.310655E-014			
	-0.324583E-014			
	-0.340219E-014			
	-0.357881E-014			
	-0.377973E-014			
	-0.401006E-014			
	-0.427647E-014			
	-0.458776E-014			
	-0.495576E-014			
	-0.539678E-014			
	-0.593382E-014			
	-0.660028E-014			
	-0.744625E-014			
	-0.854973E-014			
	-0.100375E-013			
	-0.121257E-013			
	-0.152029E-013			
	-0.200097E-013			
	-0.280455E-013			
	-0.425379E-013			
	-0.708628E-013			
	-0.130849E-012			
	-0.267840E-012			
	-0.602456E-012			
	-0.146833E-011			
	-0.381959E-011			
	-0.104637E-010			
	-0.298640E-010			
	-0.880654E-010			
	-0.266648E-009			
	-0.825058E-009			
	-0.259936E-008			
	-0.831489E-008			
	-0.269454E-007			
	-0.883023E-007			
	-0.292201E-006			
	-0.975128E-006			
	-0.327764E-005			
	-0.110752E-004			
	-0.374445E-004			
	-0.124742E-003			
	-0.389247E-003			
	-0.994985E-003			
	-0.174057E-002			
	-0.210999E-002			
	-0.212932E-002			
	-0.202432E-002			
	-0.189566E-002			
	-0.177109E-002			
	-0.165646E-002			
	-0.155211E-002			
	-0.145718E-002			
	-0.137065E-002			
	-0.129159E-002			
	-0.121917E-002			
	-0.115266E-002			
	-0.109144E-002			
	-0.103497E-002			
	-0.982758E-003			
	-0.934399E-003			
	-0.889520E-003			
	-0.847795E-003			
	-0.808936E-003			
	-0.772685E-003			
	-0.738816E-003			
	-0.707123E-003			
	-0.677426E-003			
	-0.649559E-003			
