		-0.347339E-029
		-0.131716E-028
		-0.499890E-028
		-0.189874E-027
		-0.721789E-027
		-0.274608E-026
		-0.104562E-025
		-0.398476E-025
		-0.151984E-024
		-0.580188E-024
		-0.221677E-023
		-0.847742E-023
		-0.324493E-022
		-0.124324E-021
		-0.476789E-021
		-0.183034E-020
		-0.703368E-020
		-0.270575E-019
		-0.104191E-018
		-0.401525E-018
		-0.154697E-017
		-0.593485E-017
		-0.223386E-016
		-0.784150E-016
		-0.224304E-015
		-0.436957E-015
		-0.589086E-015
		-0.661312E-015
		-0.699247E-015
		-0.727979E-015
		-0.755958E-015
		-0.785885E-015
		-0.818853E-015
		-0.855586E-015
		-0.896805E-015
		-0.943365E-015
		-0.996325E-015
		-0.105704E-014
		-0.112727E-014
		-0.120932E-014
		-0.130632E-014
		-0.142258E-014
		-0.156414E-014
		-0.173982E-014
		-0.196281E-014
		-0.225369E-014
		-0.264585E-014
		-0.319629E-014
		-0.400744E-014
		-0.527451E-014
		-0.739273E-014
		-0.112129E-013
		-0.186792E-013
		-0.344915E-013
		-0.706018E-013
		-0.158806E-012
		-0.387047E-012
		-0.100683E-011
		-0.275821E-011
		-0.787207E-011
		-0.232138E-010
		-0.702875E-010
		-0.217483E-009
		-0.685185E-009
		-0.219178E-008
		-0.710274E-008
		-0.232765E-007
		-0.770261E-007
		-0.257077E-006
		-0.864434E-006
		-0.292523E-005
		-0.994439E-005
		-0.338060E-004
		-0.113192E-003
		-0.354943E-003
		-0.911905E-003
		-0.160315E-002
		-0.195126E-002
		-0.197546E-002
		-0.188326E-002
		-0.176801E-002
		-0.165570E-002
		-0.155192E-002
		-0.145713E-002
		-0.137064E-002
		-0.129159E-002
		-0.121917E-002
		-0.115266E-002
		-0.109144E-002
		-0.103497E-002
		-0.982758E-003
		-0.934399E-003
		-0.889520E-003
		-0.847795E-003
		-0.808936E-003
		-0.772685E-003
		-0.738816E-003
		-0.707123E-003
		-0.677426E-003
		-0.649559E-003
		-0.623376E-003
	-0.131930E-028
	-0.499888E-028
	-0.189564E-027
	-0.719437E-027
	-0.273265E-026
	-0.103879E-025
	-0.395213E-025
	-0.150485E-024
	-0.573483E-024
	-0.218734E-023
	-0.835002E-023
	-0.319036E-022
	-0.122006E-021
	-0.467007E-021
	-0.178926E-020
	-0.686190E-020
	-0.263418E-019
	-0.101224E-018
	-0.389354E-018
	-0.149872E-017
	-0.576712E-017
	-0.220964E-016
	-0.830518E-016
	-0.291052E-015
	-0.830829E-015
	-0.161481E-014
	-0.217261E-014
	-0.243454E-014
	-0.256945E-014
	-0.266976E-014
	-0.276641E-014
	-0.286914E-014
	-0.298174E-014
	-0.310655E-014
	-0.324583E-014
	-0.340219E-014
	-0.357881E-014
	-0.377973E-014
	-0.401006E-014
	-0.427647E-014
	-0.458776E-014
	-0.495576E-014
	-0.539678E-014
	-0.593382E-014
	-0.660028E-014
	-0.744625E-014
	-0.854973E-014
	-0.100375E-013
	-0.121257E-013
	-0.152029E-013
	-0.200097E-013
	-0.280455E-013
	-0.425379E-013
	-0.708628E-013
	-0.130849E-012
	-0.267840E-012
	-0.602456E-012
	-0.146833E-011
	-0.381959E-011
	-0.104637E-010
	-0.298640E-010
	-0.880654E-010
	-0.266648E-009
	-0.825058E-009
	-0.259936E-008
	-0.831489E-008
	-0.269454E-007
	-0.883023E-007
	-0.292201E-006
	-0.975128E-006
	-0.327764E-005
	-0.110752E-004
	-0.374445E-004
	-0.124742E-003
	-0.389247E-003
	-0.994985E-003
	-0.174057E-002
	-0.210999E-002
	-0.212932E-002
	-0.202432E-002
	-0.189566E-002
	-0.177109E-002
	-0.165646E-002
	-0.155211E-002
	-0.145718E-002
	-0.137065E-002
	-0.129159E-002
	-0.121917E-002
	-0.115266E-002
	-0.109144E-002
	-0.103497E-002
	-0.982758E-003
	-0.934399E-003
	-0.889520E-003
	-0.847795E-003
	-0.808936E-003
	-0.772685E-003
	-0.738816E-003
	-0.707123E-003
	-0.677426E-003
	-0.649559E-003
