		-0.347339E-029	-0.131930E-028	-0.501518E-028	-0.190804E-027	-0.726521E-027	-0.276868E-026	-0.105601E-025	-0.403121E-025	-0.154023E-024	-0.589015E-024	-0.225458E-023	-0.863802E-023
		-0.131716E-028	-0.499888E-028	-0.189872E-027	-0.721780E-027	-0.274603E-026	-0.104560E-025	-0.398466E-025	-0.151980E-024	-0.580169E-024	-0.221669E-023	-0.847706E-023	-0.324477E-022
		-0.499890E-028	-0.189564E-027	-0.719434E-027	-0.273262E-026	-0.103878E-025	-0.395207E-025	-0.150482E-024	-0.573469E-024	-0.218728E-023	-0.834974E-023	-0.319024E-022	-0.122001E-021
		-0.189874E-027	-0.719437E-027	-0.272819E-026	-0.103540E-025	-0.393277E-025	-0.149500E-024	-0.568778E-024	-0.216573E-023	-0.825332E-023	-0.314791E-022	-0.120169E-021	-0.459137E-021
		-0.721789E-027	-0.273265E-026	-0.103541E-025	-0.392639E-025	-0.149014E-024	-0.566001E-024	-0.215160E-023	-0.818581E-023	-0.311690E-022	-0.118781E-021	-0.453045E-021	-0.172946E-020
		-0.274608E-026	-0.103879E-025	-0.393280E-025	-0.149015E-024	-0.565083E-024	-0.214460E-023	-0.814584E-023	-0.309656E-022	-0.117809E-021	-0.448581E-021	-0.170949E-020	-0.652019E-020
		-0.104562E-025	-0.395213E-025	-0.149502E-024	-0.566006E-024	-0.214461E-023	-0.813262E-023	-0.308650E-022	-0.117234E-021	-0.445654E-021	-0.169550E-020	-0.645594E-020	-0.246028E-019
		-0.398476E-025	-0.150485E-024	-0.568787E-024	-0.215162E-023	-0.814590E-023	-0.308651E-022	-0.117044E-021	-0.444206E-021	-0.168722E-020	-0.641382E-020	-0.244015E-019	-0.929134E-019
		-0.151984E-024	-0.573483E-024	-0.216577E-023	-0.818594E-023	-0.309660E-022	-0.117235E-021	-0.444208E-021	-0.168449E-020	-0.639297E-020	-0.242824E-019	-0.923071E-019	-0.351185E-018
		-0.580188E-024	-0.218734E-023	-0.825353E-023	-0.311696E-022	-0.117811E-021	-0.445660E-021	-0.168724E-020	-0.639300E-020	-0.242430E-019	-0.920071E-019	-0.349470E-018	-0.132848E-017
		-0.221677E-023	-0.835002E-023	-0.314800E-022	-0.118784E-021	-0.448590E-021	-0.169553E-020	-0.641390E-020	-0.242826E-019	-0.920075E-019	-0.348903E-018	-0.132416E-017	-0.502955E-017
		-0.847742E-023	-0.319036E-022	-0.120173E-021	-0.453058E-021	-0.170953E-020	-0.645608E-020	-0.244019E-019	-0.923083E-019	-0.349473E-018	-0.132416E-017	-0.502139E-017	-0.190572E-016
		-0.324493E-022	-0.122006E-021	-0.459154E-021	-0.172952E-020	-0.652037E-020	-0.246034E-019	-0.929153E-019	-0.351191E-018	-0.132849E-017	-0.502959E-017	-0.190573E-016	-0.722674E-016
		-0.124324E-021	-0.467007E-021	-0.175590E-020	-0.660811E-020	-0.248910E-019	-0.938407E-019	-0.354090E-018	-0.133723E-017	-0.505431E-017	-0.191196E-016	-0.723854E-016	-0.274270E-015
		-0.476789E-021	-0.178926E-020	-0.672112E-020	-0.252708E-019	-0.951032E-019	-0.358230E-018	-0.135055E-017	-0.509603E-017	-0.192453E-016	-0.727411E-016	-0.275167E-015	-0.104176E-014
		-0.183034E-020	-0.686190E-020	-0.257508E-019	-0.967295E-019	-0.363694E-018	-0.136871E-017	-0.515560E-017	-0.194369E-016	-0.733415E-016	-0.276975E-015	-0.104688E-014	-0.396016E-014
		-0.703368E-020	-0.263418E-019	-0.987548E-019	-0.370600E-018	-0.139211E-017	-0.523420E-017	-0.196982E-016	-0.741981E-016	-0.279731E-015	-0.105551E-014	-0.398616E-014	-0.150664E-013
		-0.270575E-019	-0.101224E-018	-0.379095E-018	-0.142122E-017	-0.533344E-017	-0.200343E-016	-0.753273E-016	-0.283484E-015	-0.106781E-014	-0.402570E-014	-0.151902E-013	-0.573660E-013
		-0.104191E-018	-0.389354E-018	-0.145661E-017	-0.545513E-017	-0.204511E-016	-0.767473E-016	-0.288290E-015	-0.108394E-014	-0.407926E-014	-0.153655E-013	-0.579285E-013	-0.218581E-012
		-0.401525E-018	-0.149872E-017	-0.560056E-017	-0.209521E-016	-0.784673E-016	-0.294170E-015	-0.110393E-014	-0.414675E-014	-0.155913E-013	-0.586750E-013	-0.221010E-012	-0.833207E-012
		-0.154697E-017	-0.576712E-017	-0.215260E-016	-0.804396E-016	-0.300927E-015	-0.112698E-014	-0.422494E-014	-0.158547E-013	-0.595543E-013	-0.223911E-012	-0.842624E-012	-0.317378E-011
		-0.593485E-017	-0.220964E-016	-0.823731E-016	-0.307450E-015	-0.114886E-014	-0.429773E-014	-0.160944E-013	-0.603328E-013	-0.226393E-012	-0.850324E-012	-0.319673E-011	-0.120286E-010
		-0.223386E-016	-0.830518E-016	-0.309186E-015	-0.115249E-014	-0.430105E-014	-0.160697E-013	-0.601055E-013	-0.225047E-012	-0.843459E-012	-0.316424E-011	-0.118814E-010	-0.446521E-010
		-0.784150E-016	-0.291052E-015	-0.108178E-014	-0.402598E-014	-0.150015E-013	-0.559628E-013	-0.208996E-012	-0.781310E-012	-0.292367E-011	-0.109503E-010	-0.410476E-010	-0.153985E-009
		-0.224304E-015	-0.830829E-015	-0.308174E-014	-0.114459E-013	-0.425631E-013	-0.158456E-012	-0.590526E-012	-0.220287E-011	-0.822467E-011	-0.307319E-010	-0.114909E-009	-0.429890E-009
		-0.436957E-015	-0.161481E-014	-0.597627E-014	-0.221470E-013	-0.821731E-013	-0.305230E-012	-0.113492E-011	-0.422371E-011	-0.157314E-010	-0.586320E-010	-0.218642E-009	-0.815635E-009
		-0.589086E-015	-0.217261E-014	-0.802499E-014	-0.296835E-013	-0.109936E-012	-0.407629E-012	-0.151303E-011	-0.562126E-011	-0.209013E-010	-0.777698E-010	-0.289524E-009	-0.107826E-008
		-0.661312E-015	-0.243454E-014	-0.897724E-014	-0.331531E-013	-0.122604E-012	-0.453972E-012	-0.168286E-011	-0.624471E-011	-0.231936E-010	-0.862108E-010	-0.320653E-009	-0.119323E-008
		-0.699247E-015	-0.256945E-014	-0.945868E-014	-0.348766E-013	-0.128793E-012	-0.476260E-012	-0.176336E-011	-0.653626E-011	-0.242526E-010	-0.900688E-010	-0.334754E-009	-0.124495E-008
		-0.727979E-015	-0.266976E-014	-0.981017E-014	-0.361128E-013	-0.133155E-012	-0.491709E-012	-0.181825E-011	-0.673199E-011	-0.249530E-010	-0.925853E-010	-0.343834E-009	-0.127787E-008
		-0.755958E-015	-0.276641E-014	-0.101454E-013	-0.372796E-013	-0.137231E-012	-0.505998E-012	-0.186852E-011	-0.690942E-011	-0.255817E-010	-0.948213E-010	-0.351822E-009	-0.130655E-008
		-0.785885E-015	-0.286914E-014	-0.104995E-013	-0.385053E-013	-0.141489E-012	-0.520842E-012	-0.192044E-011	-0.709169E-011	-0.262237E-010	-0.970911E-010	-0.359879E-009	-0.133528E-008
		-0.818853E-015	-0.298174E-014	-0.108859E-013	-0.398364E-013	-0.146094E-012	-0.536827E-012	-0.197613E-011	-0.728638E-011	-0.269066E-010	-0.994955E-010	-0.368374E-009	-0.136542E-008
		-0.855586E-015	-0.310655E-014	-0.113121E-013	-0.412986E-013	-0.151131E-012	-0.554248E-012	-0.203661E-011	-0.749703E-011	-0.276430E-010	-0.102078E-009	-0.377464E-009	-0.139753E-008
		-0.896805E-015	-0.324583E-014	-0.117853E-013	-0.429147E-013	-0.156675E-012	-0.573345E-012	-0.210265E-011	-0.772627E-011	-0.284415E-010	-0.104869E-009	-0.387253E-009	-0.143199E-008
		-0.943365E-015	-0.340219E-014	-0.123136E-013	-0.447097E-013	-0.162804E-012	-0.594373E-012	-0.217509E-011	-0.797677E-011	-0.293110E-010	-0.107898E-009	-0.397839E-009	-0.146911E-008
		-0.996325E-015	-0.357881E-014	-0.129068E-013	-0.467139E-013	-0.169614E-012	-0.617626E-012	-0.225485E-011	-0.825156E-011	-0.302613E-010	-0.111196E-009	-0.409328E-009	-0.150927E-008
		-0.105704E-014	-0.377973E-014	-0.135768E-013	-0.489641E-013	-0.177217E-012	-0.643459E-012	-0.234307E-011	-0.855417E-011	-0.313037E-010	-0.114801E-009	-0.421841E-009	-0.155286E-008
		-0.112727E-014	-0.401006E-014	-0.143390E-013	-0.515060E-013	-0.185753E-012	-0.672303E-012	-0.244107E-011	-0.888882E-011	-0.324517E-010	-0.118756E-009	-0.435517E-009	-0.160033E-008
		-0.120932E-014	-0.427647E-014	-0.152128E-013	-0.543975E-013	-0.195397E-012	-0.704687E-012	-0.255049E-011	-0.926061E-011	-0.337212E-010	-0.123111E-009	-0.450520E-009	-0.165221E-008
		-0.130632E-014	-0.458776E-014	-0.162235E-013	-0.577124E-013	-0.206366E-012	-0.741270E-012	-0.267335E-011	-0.967573E-011	-0.351317E-010	-0.127927E-009	-0.467042E-009	-0.170912E-008
		-0.142258E-014	-0.495576E-014	-0.174044E-013	-0.615466E-013	-0.218942E-012	-0.782885E-012	-0.281213E-011	-0.101418E-010	-0.367065E-010	-0.133278E-009	-0.485313E-009	-0.177180E-008
		-0.156414E-014	-0.539678E-014	-0.188005E-013	-0.660266E-013	-0.233487E-012	-0.830592E-012	-0.297000E-011	-0.106683E-010	-0.384746E-010	-0.139252E-009	-0.505612E-009	-0.184112E-008
		-0.173982E-014	-0.593382E-014	-0.204736E-013	-0.713229E-013	-0.250483E-012	-0.885773E-012	-0.315099E-011	-0.112672E-010	-0.404720E-010	-0.145960E-009	-0.528277E-009	-0.191812E-008
		-0.196281E-014	-0.660028E-014	-0.225110E-013	-0.776700E-013	-0.270575E-012	-0.950249E-012	-0.336033E-011	-0.119538E-010	-0.427440E-010	-0.153537E-009	-0.553723E-009	-0.200411E-008
		-0.225369E-014	-0.744625E-014	-0.250393E-013	-0.853991E-013	-0.294654E-012	-0.102647E-011	-0.360493E-011	-0.127480E-010	-0.453488E-010	-0.162157E-009	-0.582469E-009	-0.210064E-008
		-0.264585E-014	-0.854973E-014	-0.282486E-013	-0.949907E-013	-0.323976E-012	-0.111782E-011	-0.389410E-011	-0.136759E-010	-0.483616E-010	-0.172038E-009	-0.615169E-009	-0.220970E-008
		-0.319629E-014	-0.100375E-013	-0.324349E-013	-0.107166E-012	-0.360363E-012	-0.122906E-011	-0.424064E-011	-0.147729E-010	-0.518818E-010	-0.183468E-009	-0.652656E-009	-0.233375E-008
		-0.400744E-014	-0.121257E-013	-0.380789E-013	-0.123047E-012	-0.406551E-012	-0.136710E-011	-0.466263E-011	-0.160876E-010	-0.560435E-010	-0.196822E-009	-0.696016E-009	-0.247596E-008
		-0.527451E-014	-0.152029E-013	-0.460007E-013	-0.144459E-012	-0.466800E-012	-0.154232E-011	-0.518632E-011	-0.176885E-010	-0.610309E-010	-0.212610E-009	-0.746679E-009	-0.264045E-008
		-0.739273E-014	-0.200097E-013	-0.576747E-013	-0.174511E-012	-0.548029E-012	-0.177088E-011	-0.585105E-011	-0.196752E-010	-0.671042E-010	-0.231531E-009	-0.806574E-009	-0.283265E-008
		-0.112129E-013	-0.280455E-013	-0.759103E-013	-0.218799E-012	-0.662038E-012	-0.207904E-011	-0.671814E-011	-0.221970E-010	-0.746410E-010	-0.254571E-009	-0.878352E-009	-0.305987E-008
		-0.186792E-013	-0.425379E-013	-0.106395E-012	-0.287979E-012	-0.830049E-012	-0.251155E-011	-0.788718E-011	-0.254864E-010	-0.842079E-010	-0.283163E-009	-0.965758E-009	-0.333218E-008
		-0.344915E-013	-0.708628E-013	-0.161375E-012	-0.403629E-012	-0.109250E-011	-0.314893E-011	-0.952800E-011	-0.299214E-010	-0.966869E-010	-0.319457E-009	-0.107423E-008	-0.366377E-008
		-0.706018E-013	-0.130849E-012	-0.268830E-012	-0.612201E-012	-0.153124E-011	-0.414456E-011	-0.119460E-010	-0.361461E-010	-0.113512E-009	-0.366798E-009	-0.121191E-008	-0.407526E-008
		-0.158806E-012	-0.267840E-012	-0.496398E-012	-0.101985E-011	-0.232249E-011	-0.580900E-011	-0.157231E-010	-0.453192E-010	-0.137126E-009	-0.430626E-009	-0.139151E-008	-0.459759E-008
		-0.387047E-012	-0.602456E-012	-0.101610E-011	-0.188317E-011	-0.386898E-011	-0.881075E-011	-0.220374E-010	-0.596482E-010	-0.171926E-009	-0.520211E-009	-0.163365E-008	-0.527893E-008
		-0.100683E-011	-0.146833E-011	-0.228552E-011	-0.385473E-011	-0.714412E-011	-0.146776E-010	-0.334251E-010	-0.836026E-010	-0.226286E-009	-0.652229E-009	-0.197351E-008	-0.619753E-008
		-0.275821E-011	-0.381959E-011	-0.557034E-011	-0.867050E-011	-0.146236E-010	-0.271024E-010	-0.556820E-010	-0.126804E-009	-0.317161E-009	-0.858452E-009	-0.247434E-008	-0.748683E-008
		-0.787207E-011	-0.104637E-010	-0.144903E-010	-0.211320E-010	-0.328930E-010	-0.554769E-010	-0.102818E-009	-0.211239E-009	-0.481051E-009	-0.120320E-008	-0.325668E-008	-0.938683E-008
		-0.232138E-010	-0.298640E-010	-0.396959E-010	-0.549712E-010	-0.801679E-010	-0.124785E-009	-0.210461E-009	-0.390056E-009	-0.801371E-009	-0.182495E-008	-0.456455E-008	-0.123548E-007
		-0.702875E-010	-0.880654E-010	-0.113294E-009	-0.150593E-009	-0.208543E-009	-0.304130E-009	-0.473393E-009	-0.798419E-009	-0.147974E-008	-0.304013E-008	-0.692324E-008	-0.173164E-007
		-0.217483E-009	-0.266648E-009	-0.334091E-009	-0.429801E-009	-0.571301E-009	-0.791141E-009	-0.115377E-008	-0.179590E-008	-0.302894E-008	-0.561365E-008	-0.115333E-007	-0.262645E-007
		-0.685185E-009	-0.825058E-009	-0.101157E-008	-0.126743E-008	-0.163052E-008	-0.216732E-008	-0.300133E-008	-0.437702E-008	-0.681303E-008	-0.114908E-007	-0.212963E-007	-0.437533E-007
		-0.219178E-008	-0.259936E-008	-0.313000E-008	-0.383757E-008	-0.480821E-008	-0.618565E-008	-0.822211E-008	-0.113860E-007	-0.166050E-007	-0.258464E-007	-0.435922E-007	-0.807911E-007
		-0.710274E-008	-0.831489E-008	-0.986111E-008	-0.118742E-007	-0.145585E-007	-0.182407E-007	-0.234663E-007	-0.311919E-007	-0.431948E-007	-0.629936E-007	-0.980525E-007	-0.165374E-006
		-0.232765E-007	-0.269454E-007	-0.315439E-007	-0.374097E-007	-0.450465E-007	-0.552298E-007	-0.691990E-007	-0.890231E-007	-0.118331E-006	-0.163866E-006	-0.238976E-006	-0.371977E-006
		-0.770261E-007	-0.883023E-007	-0.102221E-006	-0.119666E-006	-0.141918E-006	-0.170890E-006	-0.209521E-006	-0.262515E-006	-0.337720E-006	-0.448905E-006	-0.621646E-006	-0.906583E-006
		-0.257077E-006	-0.292201E-006	-0.334977E-006	-0.387777E-006	-0.453954E-006	-0.538370E-006	-0.648272E-006	-0.794821E-006	-0.995853E-006	-0.128114E-005	-0.170292E-005	-0.235820E-005
		-0.864434E-006	-0.975128E-006	-0.110835E-005	-0.127061E-005	-0.147088E-005	-0.172190E-005	-0.204209E-005	-0.245895E-005	-0.301481E-005	-0.377733E-005	-0.485942E-005	-0.645918E-005
		-0.292523E-005	-0.327764E-005	-0.369734E-005	-0.420246E-005	-0.481763E-005	-0.557696E-005	-0.652865E-005	-0.774261E-005	-0.932305E-005	-0.114304E-004	-0.143212E-004	-0.184234E-004
		-0.994439E-005	-0.110752E-004	-0.124093E-004	-0.139981E-004	-0.159102E-004	-0.182388E-004	-0.211129E-004	-0.247151E-004	-0.293096E-004	-0.352909E-004	-0.432659E-004	-0.542045E-004
		-0.338060E-004	-0.374445E-004	-0.417004E-004	-0.467209E-004	-0.526993E-004	-0.598936E-004	-0.686541E-004	-0.794654E-004	-0.930130E-004	-0.110290E-003	-0.132777E-003	-0.162750E-003
		-0.113192E-003	-0.124742E-003	-0.138145E-003	-0.153819E-003	-0.172303E-003	-0.194306E-003	-0.220774E-003	-0.252991E-003	-0.292731E-003	-0.342499E-003	-0.405926E-003	-0.488412E-003
		-0.354943E-003	-0.389247E-003	-0.428753E-003	-0.474563E-003	-0.528086E-003	-0.591144E-003	-0.666125E-003	-0.756210E-003	-0.865703E-003	-0.100054E-002	-0.116910E-002	-0.138343E-002
		-0.911905E-003	-0.994985E-003	-0.108991E-002	-0.119903E-002	-0.132532E-002	-0.147254E-002	-0.164556E-002	-0.185072E-002	-0.209645E-002	-0.239408E-002	-0.275913E-002	-0.321334E-002
		-0.160315E-002	-0.174057E-002	-0.189638E-002	-0.207400E-002	-0.227766E-002	-0.251271E-002	-0.278588E-002	-0.310583E-002	-0.348382E-002	-0.393462E-002	-0.447804E-002	-0.514098E-002
		-0.195126E-002	-0.210999E-002	-0.228883E-002	-0.249132E-002	-0.272179E-002	-0.298564E-002	-0.328959E-002	-0.364214E-002	-0.405418E-002	-0.453977E-002	-0.511736E-002	-0.581150E-002
		-0.197546E-002	-0.212932E-002	-0.230182E-002	-0.249608E-002	-0.271591E-002	-0.296599E-002	-0.325210E-002	-0.358148E-002	-0.396324E-002	-0.440906E-002	-0.493398E-002	-0.555773E-002
		-0.188326E-002	-0.202432E-002	-0.218180E-002	-0.235833E-002	-0.255711E-002	-0.278202E-002	-0.303784E-002	-0.333045E-002	-0.366725E-002	-0.405754E-002	-0.451319E-002	-0.504956E-002
		-0.176801E-002	-0.189566E-002	-0.203761E-002	-0.219607E-002	-0.237370E-002	-0.257370E-002	-0.279999E-002	-0.305736E-002	-0.335174E-002	-0.369055E-002	-0.408314E-002	-0.454147E-002
		-0.165570E-002	-0.177109E-002	-0.189895E-002	-0.204114E-002	-0.219986E-002	-0.237778E-002	-0.257811E-002	-0.280476E-002	-0.306254E-002	-0.335739E-002	-0.369674E-002	-0.408995E-002
		-0.155192E-002	-0.165646E-002	-0.177191E-002	-0.189982E-002	-0.204207E-002	-0.220086E-002	-0.237886E-002	-0.257927E-002	-0.280602E-002	-0.306391E-002	-0.335889E-002	-0.369837E-002
		-0.145713E-002	-0.155211E-002	-0.165666E-002	-0.177212E-002	-0.190005E-002	-0.204232E-002	-0.220112E-002	-0.237914E-002	-0.257958E-002	-0.280636E-002	-0.306428E-002	-0.335928E-002
		-0.137064E-002	-0.145718E-002	-0.155216E-002	-0.165671E-002	-0.177218E-002	-0.190011E-002	-0.204238E-002	-0.220119E-002	-0.237922E-002	-0.257966E-002	-0.280644E-002	-0.306437E-002
		-0.129159E-002	-0.137065E-002	-0.145719E-002	-0.155217E-002	-0.165673E-002	-0.177219E-002	-0.190013E-002	-0.204240E-002	-0.220121E-002	-0.237924E-002	-0.257968E-002	-0.280647E-002
		-0.121917E-002	-0.129159E-002	-0.137065E-002	-0.145719E-002	-0.155217E-002	-0.165673E-002	-0.177220E-002	-0.190013E-002	-0.204240E-002	-0.220122E-002	-0.237924E-002	-0.257969E-002
		-0.115266E-002	-0.121917E-002	-0.129159E-002	-0.137066E-002	-0.145719E-002	-0.155217E-002	-0.165673E-002	-0.177220E-002	-0.190013E-002	-0.204240E-002	-0.220122E-002	-0.237924E-002
		-0.109144E-002	-0.115266E-002	-0.121917E-002	-0.129159E-002	-0.137066E-002	-0.145719E-002	-0.155217E-002	-0.165673E-002	-0.177220E-002	-0.190013E-002	-0.204240E-002	-0.220122E-002
		-0.103497E-002	-0.109144E-002	-0.115266E-002	-0.121917E-002	-0.129159E-002	-0.137066E-002	-0.145719E-002	-0.155217E-002	-0.165673E-002	-0.177220E-002	-0.190013E-002	-0.204240E-002
		-0.982758E-003	-0.103497E-002	-0.109144E-002	-0.115266E-002	-0.121917E-002	-0.129159E-002	-0.137066E-002	-0.145719E-002	-0.155217E-002	-0.165673E-002	-0.177220E-002	-0.190013E-002
		-0.934399E-003	-0.982758E-003	-0.103497E-002	-0.109144E-002	-0.115266E-002	-0.121917E-002	-0.129159E-002	-0.137066E-002	-0.145719E-002	-0.155217E-002	-0.165673E-002	-0.177220E-002
		-0.889520E-003	-0.934399E-003	-0.982758E-003	-0.103497E-002	-0.109144E-002	-0.115266E-002	-0.121917E-002	-0.129159E-002	-0.137066E-002	-0.145719E-002	-0.155217E-002	-0.165673E-002
		-0.847795E-003	-0.889520E-003	-0.934399E-003	-0.982758E-003	-0.103497E-002	-0.109144E-002	-0.115266E-002	-0.121917E-002	-0.129159E-002	-0.137066E-002	-0.145719E-002	-0.155217E-002
		-0.808936E-003	-0.847795E-003	-0.889520E-003	-0.934399E-003	-0.982758E-003	-0.103497E-002	-0.109144E-002	-0.115266E-002	-0.121917E-002	-0.129159E-002	-0.137066E-002	-0.145719E-002
		-0.772685E-003	-0.808936E-003	-0.847795E-003	-0.889520E-003	-0.934399E-003	-0.982758E-003	-0.103497E-002	-0.109144E-002	-0.115266E-002	-0.121917E-002	-0.129159E-002	-0.137066E-002
		-0.738816E-003	-0.772685E-003	-0.808936E-003	-0.847795E-003	-0.889520E-003	-0.934399E-003	-0.982758E-003	-0.103497E-002	-0.109144E-002	-0.115266E-002	-0.121917E-002	-0.129159E-002
		-0.707123E-003	-0.738816E-003	-0.772685E-003	-0.808936E-003	-0.847795E-003	-0.889520E-003	-0.934399E-003	-0.982758E-003	-0.103497E-002	-0.109144E-002	-0.115266E-002	-0.121917E-002
		-0.677426E-003	-0.707123E-003	-0.738816E-003	-0.772685E-003	-0.808936E-003	-0.847795E-003	-0.889520E-003	-0.934399E-003	-0.982758E-003	-0.103497E-002	-0.109144E-002	-0.115266E-002
		-0.649559E-003	-0.677426E-003	-0.707123E-003	-0.738816E-003	-0.772685E-003	-0.808936E-003	-0.847795E-003	-0.889520E-003	-0.934399E-003	-0.982758E-003	-0.103497E-002	-0.109144E-002
		-0.623376E-003	-0.649559E-003	-0.677426E-003	-0.707123E-003	-0.738816E-003	-0.772685E-003	-0.808936E-003	-0.847795E-003	-0.889520E-003	-0.934399E-003	-0.982758E-003	-0.103497E-002
	-0.131930E-028											
	-0.499888E-028											
	-0.189564E-027											
	-0.719437E-027											
	-0.273265E-026											
	-0.103879E-025											
	-0.395213E-025											
	-0.150485E-024											
	-0.573483E-024											
	-0.218734E-023											
	-0.835002E-023											
	-0.319036E-022											
	-0.122006E-021											
	-0.467007E-021											
	-0.178926E-020											
	-0.686190E-020											
	-0.263418E-019											
	-0.101224E-018											
	-0.389354E-018											
	-0.149872E-017											
	-0.576712E-017											
	-0.220964E-016											
	-0.830518E-016											
	-0.291052E-015											
	-0.830829E-015											
	-0.161481E-014											
	-0.217261E-014											
	-0.243454E-014											
	-0.256945E-014											
	-0.266976E-014											
	-0.276641E-014											
	-0.286914E-014											
	-0.298174E-014											
	-0.310655E-014											
	-0.324583E-014											
	-0.340219E-014											
	-0.357881E-014											
	-0.377973E-014											
	-0.401006E-014											
	-0.427647E-014											
	-0.458776E-014											
	-0.495576E-014											
	-0.539678E-014											
	-0.593382E-014											
	-0.660028E-014											
	-0.744625E-014											
	-0.854973E-014											
	-0.100375E-013											
	-0.121257E-013											
	-0.152029E-013											
	-0.200097E-013											
	-0.280455E-013											
	-0.425379E-013											
	-0.708628E-013											
	-0.130849E-012											
	-0.267840E-012											
	-0.602456E-012											
	-0.146833E-011											
	-0.381959E-011											
	-0.104637E-010											
	-0.298640E-010											
	-0.880654E-010											
	-0.266648E-009											
	-0.825058E-009											
	-0.259936E-008											
	-0.831489E-008											
	-0.269454E-007											
	-0.883023E-007											
	-0.292201E-006											
	-0.975128E-006											
	-0.327764E-005											
	-0.110752E-004											
	-0.374445E-004											
	-0.124742E-003											
	-0.389247E-003											
	-0.994985E-003											
	-0.174057E-002											
	-0.210999E-002											
	-0.212932E-002											
	-0.202432E-002											
	-0.189566E-002											
	-0.177109E-002											
	-0.165646E-002											
	-0.155211E-002											
	-0.145718E-002											
	-0.137065E-002											
	-0.129159E-002											
	-0.121917E-002											
	-0.115266E-002											
	-0.109144E-002											
	-0.103497E-002											
	-0.982758E-003											
	-0.934399E-003											
	-0.889520E-003											
	-0.847795E-003											
	-0.808936E-003											
	-0.772685E-003											
	-0.738816E-003											
	-0.707123E-003											
	-0.677426E-003											
	-0.649559E-003											
