		-0.347339E-029	-0.131930E-028	-0.501518E-028	-0.190804E-027	-0.726521E-027	-0.276868E-026	-0.105601E-025	-0.403121E-025	-0.154023E-024	-0.589015E-024	-0.225458E-023	-0.863802E-023	-0.331271E-022	-0.127171E-021	-0.488696E-021	-0.187998E-020	-0.724003E-020	-0.279118E-019	-0.107695E-018	-0.415453E-018	-0.159606E-017	-0.601695E-017	-0.211639E-016	-0.607126E-016	-0.118673E-015
		-0.131716E-028	-0.499888E-028	-0.189872E-027	-0.721780E-027	-0.274603E-026	-0.104560E-025	-0.398466E-025	-0.151980E-024	-0.580169E-024	-0.221669E-023	-0.847706E-023	-0.324477E-022	-0.124318E-021	-0.476762E-021	-0.183023E-020	-0.703321E-020	-0.270555E-019	-0.104183E-018	-0.401492E-018	-0.154685E-017	-0.593448E-017	-0.223390E-016	-0.784396E-016	-0.224544E-015	-0.437886E-015
		-0.499890E-028	-0.189564E-027	-0.719434E-027	-0.273262E-026	-0.103878E-025	-0.395207E-025	-0.150482E-024	-0.573469E-024	-0.218728E-023	-0.834974E-023	-0.319024E-022	-0.122001E-021	-0.466985E-021	-0.178917E-020	-0.686151E-020	-0.263402E-019	-0.101218E-018	-0.389326E-018	-0.149860E-017	-0.576669E-017	-0.220952E-016	-0.830541E-016	-0.291146E-015	-0.831724E-015	-0.161826E-014
		-0.189874E-027	-0.719437E-027	-0.272819E-026	-0.103540E-025	-0.393277E-025	-0.149500E-024	-0.568778E-024	-0.216573E-023	-0.825332E-023	-0.314791E-022	-0.120169E-021	-0.459137E-021	-0.175583E-020	-0.672080E-020	-0.257495E-019	-0.987492E-019	-0.379072E-018	-0.145651E-017	-0.560017E-017	-0.215245E-016	-0.823690E-016	-0.309196E-015	-0.108214E-014	-0.308509E-014	-0.598909E-014
		-0.721789E-027	-0.273265E-026	-0.103541E-025	-0.392639E-025	-0.149014E-024	-0.566001E-024	-0.215160E-023	-0.818581E-023	-0.311690E-022	-0.118781E-021	-0.453045E-021	-0.172946E-020	-0.660786E-020	-0.252697E-019	-0.967250E-019	-0.370581E-018	-0.142114E-017	-0.545479E-017	-0.209507E-016	-0.804345E-016	-0.307437E-015	-0.115254E-014	-0.402734E-014	-0.114584E-013	-0.221947E-013
		-0.274608E-026	-0.103879E-025	-0.393280E-025	-0.149015E-024	-0.565083E-024	-0.214460E-023	-0.814584E-023	-0.309656E-022	-0.117809E-021	-0.448581E-021	-0.170949E-020	-0.652019E-020	-0.248902E-019	-0.950996E-019	-0.363679E-018	-0.139204E-017	-0.533316E-017	-0.204500E-016	-0.784626E-016	-0.300909E-015	-0.114881E-014	-0.430125E-014	-0.150067E-013	-0.426100E-013	-0.823507E-013
		-0.104562E-025	-0.395213E-025	-0.149502E-024	-0.566006E-024	-0.214461E-023	-0.813262E-023	-0.308650E-022	-0.117234E-021	-0.445654E-021	-0.169550E-020	-0.645594E-020	-0.246028E-019	-0.938379E-019	-0.358218E-018	-0.136866E-017	-0.523398E-017	-0.200334E-016	-0.767433E-016	-0.294154E-015	-0.112692E-014	-0.429759E-014	-0.160706E-013	-0.559825E-013	-0.158632E-012	-0.305893E-012
		-0.398476E-025	-0.150485E-024	-0.568787E-024	-0.215162E-023	-0.814590E-023	-0.308651E-022	-0.117044E-021	-0.444206E-021	-0.168722E-020	-0.641382E-020	-0.244015E-019	-0.929134E-019	-0.354081E-018	-0.135051E-017	-0.515542E-017	-0.196975E-016	-0.753241E-016	-0.288277E-015	-0.110388E-014	-0.422474E-014	-0.160939E-013	-0.601090E-013	-0.209071E-012	-0.591187E-012	-0.113739E-011
		-0.151984E-024	-0.573483E-024	-0.216577E-023	-0.818594E-023	-0.309660E-022	-0.117235E-021	-0.444208E-021	-0.168449E-020	-0.639297E-020	-0.242824E-019	-0.923071E-019	-0.351185E-018	-0.133720E-017	-0.509591E-017	-0.194363E-016	-0.741956E-016	-0.283473E-015	-0.108390E-014	-0.414656E-014	-0.158540E-013	-0.603315E-013	-0.225061E-012	-0.781597E-012	-0.220535E-011	-0.423294E-011
		-0.580188E-024	-0.218734E-023	-0.825353E-023	-0.311696E-022	-0.117811E-021	-0.445660E-021	-0.168724E-020	-0.639300E-020	-0.242430E-019	-0.920071E-019	-0.349470E-018	-0.132848E-017	-0.505422E-017	-0.192449E-016	-0.733396E-016	-0.279723E-015	-0.106777E-014	-0.407911E-014	-0.155906E-013	-0.595520E-013	-0.226389E-012	-0.843519E-012	-0.292476E-011	-0.823403E-011	-0.157659E-010
		-0.221677E-023	-0.835002E-023	-0.314800E-022	-0.118784E-021	-0.448590E-021	-0.169553E-020	-0.641390E-020	-0.242826E-019	-0.920075E-019	-0.348903E-018	-0.132416E-017	-0.502955E-017	-0.191193E-016	-0.727399E-016	-0.276970E-015	-0.105549E-014	-0.402558E-014	-0.153650E-013	-0.586729E-013	-0.223904E-012	-0.850314E-012	-0.316448E-011	-0.109545E-010	-0.307671E-010	-0.587609E-010
		-0.847742E-023	-0.319036E-022	-0.120173E-021	-0.453058E-021	-0.170953E-020	-0.645608E-020	-0.244019E-019	-0.923083E-019	-0.349473E-018	-0.132416E-017	-0.502139E-017	-0.190572E-016	-0.723848E-016	-0.275163E-015	-0.104686E-014	-0.398608E-014	-0.151898E-013	-0.579268E-013	-0.221004E-012	-0.842600E-012	-0.319671E-011	-0.118824E-010	-0.410635E-010	-0.115041E-009	-0.219124E-009
		-0.324493E-022	-0.122006E-021	-0.459154E-021	-0.172952E-020	-0.652037E-020	-0.246034E-019	-0.929153E-019	-0.351191E-018	-0.132849E-017	-0.502959E-017	-0.190573E-016	-0.722674E-016	-0.274269E-015	-0.104175E-014	-0.396011E-014	-0.150662E-013	-0.573648E-013	-0.218576E-012	-0.833185E-012	-0.317371E-011	-0.120286E-010	-0.446560E-010	-0.154046E-009	-0.430390E-009	-0.817439E-009
		-0.124324E-021	-0.467007E-021	-0.175590E-020	-0.660811E-020	-0.248910E-019	-0.938407E-019	-0.354090E-018	-0.133723E-017	-0.505431E-017	-0.191196E-016	-0.723854E-016	-0.274270E-015	-0.104007E-014	-0.394725E-014	-0.149928E-013	-0.569928E-013	-0.216821E-012	-0.825451E-012	-0.314381E-011	-0.119643E-010	-0.452998E-010	-0.167961E-009	-0.578276E-009	-0.161081E-008	-0.304997E-008
		-0.476789E-021	-0.178926E-020	-0.672112E-020	-0.252708E-019	-0.951032E-019	-0.358230E-018	-0.135055E-017	-0.509603E-017	-0.192453E-016	-0.727411E-016	-0.275167E-015	-0.104176E-014	-0.394727E-014	-0.149685E-013	-0.568082E-013	-0.215771E-012	-0.820194E-012	-0.311992E-011	-0.118723E-010	-0.451411E-010	-0.170740E-009	-0.632210E-009	-0.217200E-008	-0.602993E-008	-0.113790E-007
		-0.183034E-020	-0.686190E-020	-0.257508E-019	-0.967295E-019	-0.363694E-018	-0.136871E-017	-0.515560E-017	-0.194369E-016	-0.733415E-016	-0.276975E-015	-0.104688E-014	-0.396016E-014	-0.149929E-013	-0.568085E-013	-0.215423E-012	-0.817562E-012	-0.310518E-011	-0.118019E-010	-0.448713E-010	-0.170455E-009	-0.644035E-009	-0.238123E-008	-0.816122E-008	-0.225709E-007	-0.424356E-007
		-0.703368E-020	-0.263418E-019	-0.987548E-019	-0.370600E-018	-0.139211E-017	-0.523420E-017	-0.196982E-016	-0.741981E-016	-0.279731E-015	-0.105551E-014	-0.398616E-014	-0.150664E-013	-0.569935E-013	-0.215773E-012	-0.817565E-012	-0.310024E-011	-0.117653E-010	-0.446792E-010	-0.169726E-009	-0.644138E-009	-0.243102E-008	-0.897377E-008	-0.306700E-007	-0.844465E-007	-0.158115E-006
		-0.270575E-019	-0.101224E-018	-0.379095E-018	-0.142122E-017	-0.533344E-017	-0.200343E-016	-0.753273E-016	-0.283484E-015	-0.106781E-014	-0.402570E-014	-0.151902E-013	-0.573660E-013	-0.216825E-012	-0.820204E-012	-0.310520E-011	-0.117654E-010	-0.446122E-010	-0.169273E-009	-0.642458E-009	-0.243583E-008	-0.918160E-008	-0.338285E-007	-0.115230E-006	-0.315606E-006	-0.588207E-006
		-0.104191E-018	-0.389354E-018	-0.145661E-017	-0.545513E-017	-0.204511E-016	-0.767473E-016	-0.288290E-015	-0.108394E-014	-0.407926E-014	-0.153655E-013	-0.579285E-013	-0.218581E-012	-0.825467E-012	-0.311997E-011	-0.118020E-010	-0.446795E-010	-0.169274E-009	-0.641718E-009	-0.243330E-008	-0.921572E-008	-0.346877E-007	-0.127508E-006	-0.432516E-006	-0.117705E-005	-0.218237E-005
		-0.401525E-018	-0.149872E-017	-0.560056E-017	-0.209521E-016	-0.784673E-016	-0.294170E-015	-0.110393E-014	-0.414675E-014	-0.155913E-013	-0.586750E-013	-0.221010E-012	-0.833207E-012	-0.314387E-011	-0.118725E-010	-0.448719E-010	-0.169727E-009	-0.642462E-009	-0.243330E-008	-0.921717E-008	-0.348644E-007	-0.130993E-006	-0.480064E-006	-0.161955E-005	-0.437239E-005	-0.806037E-005
		-0.154697E-017	-0.576712E-017	-0.215260E-016	-0.804396E-016	-0.300927E-015	-0.112698E-014	-0.422494E-014	-0.158547E-013	-0.595543E-013	-0.223911E-012	-0.842624E-012	-0.317378E-011	-0.119645E-010	-0.451418E-010	-0.170456E-009	-0.644142E-009	-0.243584E-008	-0.921571E-008	-0.348643E-007	-0.131658E-006	-0.493447E-006	-0.180072E-005	-0.602976E-005	-0.161153E-004	-0.295290E-004
		-0.593485E-017	-0.220964E-016	-0.823731E-016	-0.307450E-015	-0.114886E-014	-0.429773E-014	-0.160944E-013	-0.603328E-013	-0.226393E-012	-0.850324E-012	-0.319673E-011	-0.120286E-010	-0.452997E-010	-0.170739E-009	-0.644027E-009	-0.243098E-008	-0.918140E-008	-0.346868E-007	-0.130989E-006	-0.493434E-006	-0.184231E-005	-0.667994E-005	-0.221323E-004	-0.584085E-004	-0.106459E-003
		-0.223386E-016	-0.830518E-016	-0.309186E-015	-0.115249E-014	-0.430105E-014	-0.160697E-013	-0.601055E-013	-0.225047E-012	-0.843459E-012	-0.316424E-011	-0.118814E-010	-0.446521E-010	-0.167945E-009	-0.632147E-009	-0.238098E-008	-0.897276E-008	-0.338245E-007	-0.127492E-006	-0.480001E-006	-0.180049E-005	-0.667925E-005	-0.239726E-004	-0.782531E-004	-0.203574E-003	-0.370519E-003
		-0.784150E-016	-0.291052E-015	-0.108178E-014	-0.402598E-014	-0.150015E-013	-0.559628E-013	-0.208996E-012	-0.781310E-012	-0.292367E-011	-0.109503E-010	-0.410476E-010	-0.153985E-009	-0.578043E-009	-0.217111E-008	-0.815780E-008	-0.306569E-007	-0.115180E-006	-0.432322E-006	-0.161881E-005	-0.602699E-005	-0.221226E-004	-0.782273E-004	-0.250845E-003	-0.645777E-003	-0.118691E-002
		-0.224304E-015	-0.830829E-015	-0.308174E-014	-0.114459E-013	-0.425631E-013	-0.158456E-012	-0.590526E-012	-0.220287E-011	-0.822467E-011	-0.307319E-010	-0.114909E-009	-0.429890E-009	-0.160892E-008	-0.602281E-008	-0.225440E-007	-0.843451E-007	-0.315224E-006	-0.117561E-005	-0.436703E-005	-0.160956E-004	-0.583390E-004	-0.203357E-003	-0.645311E-003	-0.167286E-002	-0.316773E-002
		-0.436957E-015	-0.161481E-014	-0.597627E-014	-0.221470E-013	-0.821731E-013	-0.305230E-012	-0.113492E-011	-0.422371E-011	-0.157314E-010	-0.586320E-010	-0.218642E-009	-0.815635E-009	-0.304322E-008	-0.113537E-007	-0.423412E-007	-0.157763E-006	-0.586894E-006	-0.217750E-005	-0.804246E-005	-0.294641E-004	-0.106232E-003	-0.369780E-003	-0.118496E-002	-0.316477E-002	-0.624750E-002
		-0.589086E-015	-0.217261E-014	-0.802499E-014	-0.296835E-013	-0.109936E-012	-0.407629E-012	-0.151303E-011	-0.562126E-011	-0.209013E-010	-0.777698E-010	-0.289524E-009	-0.107826E-008	-0.401644E-008	-0.149601E-007	-0.557013E-007	-0.207230E-006	-0.769900E-006	-0.285378E-005	-0.105380E-004	-0.386561E-004	-0.139974E-003	-0.492308E-003	-0.161121E-002	-0.444561E-002	-0.902356E-002
		-0.661312E-015	-0.243454E-014	-0.897724E-014	-0.331531E-013	-0.122604E-012	-0.453972E-012	-0.168286E-011	-0.624471E-011	-0.231936E-010	-0.862108E-010	-0.320653E-009	-0.119323E-008	-0.444175E-008	-0.165361E-007	-0.615530E-007	-0.229011E-006	-0.851236E-006	-0.315891E-005	-0.116903E-004	-0.430488E-004	-0.156921E-003	-0.558160E-003	-0.185904E-002	-0.523435E-002	-0.107085E-001
		-0.699247E-015	-0.256945E-014	-0.945868E-014	-0.348766E-013	-0.128793E-012	-0.476260E-012	-0.176336E-011	-0.653626E-011	-0.242526E-010	-0.900688E-010	-0.334754E-009	-0.124495E-008	-0.463219E-008	-0.172407E-007	-0.641746E-007	-0.238834E-006	-0.888378E-006	-0.330099E-005	-0.122422E-004	-0.452343E-004	-0.165767E-003	-0.594433E-003	-0.200187E-002	-0.569086E-002	-0.116123E-001
		-0.727979E-015	-0.266976E-014	-0.981017E-014	-0.361128E-013	-0.133155E-012	-0.491709E-012	-0.181825E-011	-0.673199E-011	-0.249530E-010	-0.925853E-010	-0.343834E-009	-0.127787E-008	-0.475227E-008	-0.176816E-007	-0.658070E-007	-0.244939E-006	-0.911506E-006	-0.338999E-005	-0.125914E-004	-0.466364E-004	-0.171532E-003	-0.618363E-003	-0.209599E-002	-0.598069E-002	-0.121311E-001
		-0.755958E-015	-0.276641E-014	-0.101454E-013	-0.372796E-013	-0.137231E-012	-0.505998E-012	-0.186852E-011	-0.690942E-011	-0.255817E-010	-0.948213E-010	-0.351822E-009	-0.130655E-008	-0.485582E-008	-0.180581E-007	-0.671874E-007	-0.250053E-006	-0.930685E-006	-0.346306E-005	-0.128750E-004	-0.477619E-004	-0.176092E-003	-0.636939E-003	-0.216698E-002	-0.618856E-002	-0.124722E-001
		-0.785885E-015	-0.286914E-014	-0.104995E-013	-0.385053E-013	-0.141489E-012	-0.520842E-012	-0.192044E-011	-0.709169E-011	-0.262237E-010	-0.970911E-010	-0.359879E-009	-0.133528E-008	-0.495878E-008	-0.184294E-007	-0.685359E-007	-0.254994E-006	-0.948992E-006	-0.353179E-005	-0.131373E-004	-0.487812E-004	-0.180123E-003	-0.652886E-003	-0.222582E-002	-0.635322E-002	-0.127274E-001
		-0.818853E-015	-0.298174E-014	-0.108859E-013	-0.398364E-013	-0.146094E-012	-0.536827E-012	-0.197613E-011	-0.728638E-011	-0.269066E-010	-0.994955E-010	-0.368374E-009	-0.136542E-008	-0.506619E-008	-0.188141E-007	-0.699227E-007	-0.260030E-006	-0.967441E-006	-0.360013E-005	-0.133938E-004	-0.497586E-004	-0.183897E-003	-0.667406E-003	-0.227771E-002	-0.649351E-002	-0.129387E-001
		-0.855586E-015	-0.310655E-014	-0.113121E-013	-0.412986E-013	-0.151131E-012	-0.554248E-012	-0.203661E-011	-0.749703E-011	-0.276430E-010	-0.102078E-009	-0.377464E-009	-0.139753E-008	-0.518010E-008	-0.192200E-007	-0.713766E-007	-0.265269E-006	-0.986464E-006	-0.366981E-005	-0.136518E-004	-0.507253E-004	-0.187554E-003	-0.681144E-003	-0.232552E-002	-0.661967E-002	-0.131273E-001
		-0.896805E-015	-0.324583E-014	-0.117853E-013	-0.429147E-013	-0.156675E-012	-0.573345E-012	-0.210265E-011	-0.772627E-011	-0.284415E-010	-0.104869E-009	-0.387253E-009	-0.143199E-008	-0.530182E-008	-0.196517E-007	-0.729148E-007	-0.270779E-006	-0.100632E-005	-0.374189E-005	-0.139157E-004	-0.517007E-004	-0.191183E-003	-0.694510E-003	-0.237107E-002	-0.673793E-002	-0.133052E-001
		-0.943365E-015	-0.340219E-014	-0.123136E-013	-0.447097E-013	-0.162804E-012	-0.594373E-012	-0.217509E-011	-0.797677E-011	-0.293110E-010	-0.107898E-009	-0.397839E-009	-0.146911E-008	-0.543249E-008	-0.201134E-007	-0.745522E-007	-0.276613E-006	-0.102721E-005	-0.381718E-005	-0.141889E-004	-0.526992E-004	-0.194848E-003	-0.707797E-003	-0.241561E-002	-0.685242E-002	-0.134797E-001
		-0.996325E-015	-0.357881E-014	-0.129068E-013	-0.467139E-013	-0.169614E-012	-0.617626E-012	-0.225485E-011	-0.825156E-011	-0.302613E-010	-0.111196E-009	-0.409328E-009	-0.150927E-008	-0.557333E-008	-0.206091E-007	-0.763033E-007	-0.282824E-006	-0.104934E-005	-0.389643E-005	-0.144743E-004	-0.537331E-004	-0.198603E-003	-0.721235E-003	-0.246009E-002	-0.696611E-002	-0.136557E-001
		-0.105704E-014	-0.377973E-014	-0.135768E-013	-0.489641E-013	-0.177217E-012	-0.643459E-012	-0.234307E-011	-0.855417E-011	-0.313037E-010	-0.114801E-009	-0.421841E-009	-0.155286E-008	-0.572567E-008	-0.211434E-007	-0.781838E-007	-0.289467E-006	-0.107290E-005	-0.398036E-005	-0.147748E-004	-0.548135E-004	-0.202491E-003	-0.735012E-003	-0.250526E-002	-0.708121E-002	-0.138370E-001
		-0.112727E-014	-0.401006E-014	-0.143390E-013	-0.515060E-013	-0.185753E-012	-0.672303E-012	-0.244107E-011	-0.888882E-011	-0.324517E-010	-0.118756E-009	-0.435517E-009	-0.160033E-008	-0.589102E-008	-0.217213E-007	-0.802107E-007	-0.296601E-006	-0.109810E-005	-0.406973E-005	-0.150930E-004	-0.559508E-004	-0.206555E-003	-0.749295E-003	-0.255172E-002	-0.719952E-002	-0.140263E-001
		-0.120932E-014	-0.427647E-014	-0.152128E-013	-0.543975E-013	-0.195397E-012	-0.704687E-012	-0.255049E-011	-0.926061E-011	-0.337212E-010	-0.123111E-009	-0.450520E-009	-0.165221E-008	-0.607110E-008	-0.223486E-007	-0.824032E-007	-0.304290E-006	-0.112517E-005	-0.416532E-005	-0.154319E-004	-0.571556E-004	-0.210834E-003	-0.764234E-003	-0.260004E-002	-0.732257E-002	-0.142260E-001
		-0.130632E-014	-0.458776E-014	-0.162235E-013	-0.577124E-013	-0.206366E-012	-0.741270E-012	-0.267335E-011	-0.967573E-011	-0.351317E-010	-0.127927E-009	-0.467042E-009	-0.170912E-008	-0.626793E-008	-0.230317E-007	-0.847828E-007	-0.312607E-006	-0.115434E-005	-0.426797E-005	-0.157943E-004	-0.584383E-004	-0.215367E-003	-0.779974E-003	-0.265071E-002	-0.745169E-002	-0.144383E-001
		-0.142258E-014	-0.495576E-014	-0.174044E-013	-0.615466E-013	-0.218942E-012	-0.782885E-012	-0.281213E-011	-0.101418E-010	-0.367065E-010	-0.133278E-009	-0.485313E-009	-0.177180E-008	-0.648384E-008	-0.237784E-007	-0.873746E-007	-0.321635E-006	-0.118589E-005	-0.437862E-005	-0.161835E-004	-0.598104E-004	-0.220195E-003	-0.796657E-003	-0.270422E-002	-0.758815E-002	-0.146649E-001
		-0.156414E-014	-0.539678E-014	-0.188005E-013	-0.660266E-013	-0.233487E-012	-0.830592E-012	-0.297000E-011	-0.106683E-010	-0.384746E-010	-0.139252E-009	-0.505612E-009	-0.184112E-008	-0.672162E-008	-0.245975E-007	-0.902073E-007	-0.331467E-006	-0.122014E-005	-0.449830E-005	-0.166031E-004	-0.612838E-004	-0.225359E-003	-0.814431E-003	-0.276104E-002	-0.773319E-002	-0.149079E-001
		-0.173982E-014	-0.593382E-014	-0.204736E-013	-0.713229E-013	-0.250483E-012	-0.885773E-012	-0.315099E-011	-0.112672E-010	-0.404720E-010	-0.145960E-009	-0.528277E-009	-0.191812E-008	-0.698458E-008	-0.254996E-007	-0.933147E-007	-0.342213E-006	-0.125743E-005	-0.462820E-005	-0.170568E-004	-0.628721E-004	-0.230905E-003	-0.833452E-003	-0.282167E-002	-0.788805E-002	-0.151692E-001
		-0.196281E-014	-0.660028E-014	-0.225110E-013	-0.776700E-013	-0.270575E-012	-0.950249E-012	-0.336033E-011	-0.119538E-010	-0.427440E-010	-0.153537E-009	-0.553723E-009	-0.200411E-008	-0.727673E-008	-0.264972E-007	-0.967367E-007	-0.354002E-006	-0.129820E-005	-0.476968E-005	-0.175494E-004	-0.645901E-004	-0.236884E-003	-0.853886E-003	-0.288664E-002	-0.805405E-002	-0.154510E-001
		-0.225369E-014	-0.744625E-014	-0.250393E-013	-0.853991E-013	-0.294654E-012	-0.102647E-011	-0.360493E-011	-0.127480E-010	-0.453488E-010	-0.162157E-009	-0.582469E-009	-0.210064E-008	-0.760291E-008	-0.276055E-007	-0.100521E-006	-0.366984E-006	-0.134292E-005	-0.492431E-005	-0.180858E-004	-0.664548E-004	-0.243351E-003	-0.875920E-003	-0.295651E-002	-0.823257E-002	-0.157553E-001
		-0.264585E-014	-0.854973E-014	-0.282486E-013	-0.949907E-013	-0.323976E-012	-0.111782E-011	-0.389410E-011	-0.136759E-010	-0.483616E-010	-0.172038E-009	-0.615169E-009	-0.220970E-008	-0.796913E-008	-0.288429E-007	-0.104726E-006	-0.381341E-006	-0.139217E-005	-0.509393E-005	-0.186721E-004	-0.684857E-004	-0.250371E-003	-0.899759E-003	-0.303192E-002	-0.842516E-002	-0.160846E-001
		-0.319629E-014	-0.100375E-013	-0.324349E-013	-0.107166E-012	-0.360363E-012	-0.122906E-011	-0.424064E-011	-0.147729E-010	-0.518818E-010	-0.183468E-009	-0.652656E-009	-0.233375E-008	-0.838285E-008	-0.302322E-007	-0.109420E-006	-0.397291E-006	-0.144663E-005	-0.528074E-005	-0.193153E-004	-0.707055E-004	-0.258017E-003	-0.925641E-003	-0.311356E-002	-0.863352E-002	-0.164418E-001
		-0.400744E-014	-0.121257E-013	-0.380789E-013	-0.123047E-012	-0.406551E-012	-0.136710E-011	-0.466263E-011	-0.160876E-010	-0.560435E-010	-0.196822E-009	-0.696016E-009	-0.247596E-008	-0.885346E-008	-0.318017E-007	-0.114691E-006	-0.415100E-006	-0.150714E-005	-0.548733E-005	-0.200236E-004	-0.731406E-004	-0.266374E-003	-0.953833E-003	-0.320225E-002	-0.885958E-002	-0.168297E-001
		-0.527451E-014	-0.152029E-013	-0.460007E-013	-0.144459E-012	-0.466800E-012	-0.154232E-011	-0.518632E-011	-0.176885E-010	-0.610309E-010	-0.212610E-009	-0.746679E-009	-0.264045E-008	-0.939297E-008	-0.335870E-007	-0.120645E-006	-0.435095E-006	-0.157470E-005	-0.571684E-005	-0.208069E-004	-0.758222E-004	-0.275542E-003	-0.984651E-003	-0.329891E-002	-0.910552E-002	-0.172521E-001
		-0.739273E-014	-0.200097E-013	-0.576747E-013	-0.174511E-012	-0.548029E-012	-0.177088E-011	-0.585105E-011	-0.196752E-010	-0.671042E-010	-0.231531E-009	-0.806574E-009	-0.283265E-008	-0.100170E-007	-0.356338E-007	-0.127418E-006	-0.457682E-006	-0.165055E-005	-0.597310E-005	-0.216771E-004	-0.787879E-004	-0.285639E-003	-0.101846E-002	-0.340459E-002	-0.937386E-002	-0.177127E-001
		-0.112129E-013	-0.280455E-013	-0.759103E-013	-0.218799E-012	-0.662038E-012	-0.207904E-011	-0.671814E-011	-0.221970E-010	-0.746410E-010	-0.254571E-009	-0.878352E-009	-0.305987E-008	-0.107461E-007	-0.380011E-007	-0.135182E-006	-0.483376E-006	-0.173624E-005	-0.626081E-005	-0.226488E-004	-0.820826E-004	-0.296805E-003	-0.105569E-002	-0.352056E-002	-0.966755E-002	-0.182164E-001
		-0.186792E-013	-0.425379E-013	-0.106395E-012	-0.287979E-012	-0.830049E-012	-0.251155E-011	-0.788718E-011	-0.254864E-010	-0.842079E-010	-0.283163E-009	-0.965758E-009	-0.333218E-008	-0.116081E-007	-0.407673E-007	-0.144163E-006	-0.512833E-006	-0.183371E-005	-0.658584E-005	-0.237397E-004	-0.857613E-004	-0.309209E-003	-0.109687E-002	-0.364830E-002	-0.999003E-002	-0.187684E-001
		-0.344915E-013	-0.708628E-013	-0.161375E-012	-0.403629E-012	-0.109250E-011	-0.314893E-011	-0.952800E-011	-0.299214E-010	-0.966869E-010	-0.319457E-009	-0.107423E-008	-0.366377E-008	-0.126412E-007	-0.440374E-007	-0.154657E-006	-0.546903E-006	-0.194545E-005	-0.695555E-005	-0.249721E-004	-0.898915E-004	-0.323059E-003	-0.114262E-002	-0.378957E-002	-0.103454E-001	-0.193753E-001
		-0.706018E-013	-0.130849E-012	-0.268830E-012	-0.612201E-012	-0.153124E-011	-0.414456E-011	-0.119460E-010	-0.361461E-010	-0.113512E-009	-0.366798E-009	-0.121191E-008	-0.407526E-008	-0.138991E-007	-0.479564E-007	-0.167063E-006	-0.586712E-006	-0.207470E-005	-0.737941E-005	-0.263739E-004	-0.945573E-004	-0.338609E-003	-0.119370E-002	-0.394651E-002	-0.107384E-001	-0.200443E-001
		-0.158806E-012	-0.267840E-012	-0.496398E-012	-0.101985E-011	-0.232249E-011	-0.580900E-011	-0.157231E-010	-0.453192E-010	-0.137126E-009	-0.430626E-009	-0.139151E-008	-0.459759E-008	-0.154602E-007	-0.527286E-007	-0.181930E-006	-0.633775E-006	-0.222571E-005	-0.786966E-005	-0.279810E-004	-0.998646E-004	-0.356175E-003	-0.125104E-002	-0.412171E-002	-0.111750E-001	-0.207847E-001
		-0.387047E-012	-0.602456E-012	-0.101610E-011	-0.188317E-011	-0.386898E-011	-0.881075E-011	-0.220374E-010	-0.596482E-010	-0.171926E-009	-0.520211E-009	-0.163365E-008	-0.527893E-008	-0.174417E-007	-0.586508E-007	-0.200034E-006	-0.690176E-006	-0.240425E-005	-0.844249E-005	-0.298398E-004	-0.105949E-003	-0.376155E-003	-0.131581E-002	-0.431836E-002	-0.116623E-001	-0.216071E-001
		-0.100683E-011	-0.146833E-011	-0.228552E-011	-0.385473E-011	-0.714412E-011	-0.146776E-010	-0.334251E-010	-0.836026E-010	-0.226286E-009	-0.652229E-009	-0.197351E-008	-0.619753E-008	-0.200265E-007	-0.661681E-007	-0.222501E-006	-0.758856E-006	-0.261820E-005	-0.911968E-005	-0.320117E-004	-0.112986E-003	-0.399060E-003	-0.138947E-002	-0.454041E-002	-0.122089E-001	-0.225245E-001
		-0.275821E-011	-0.381959E-011	-0.557034E-011	-0.867050E-011	-0.146236E-010	-0.271024E-010	-0.556820E-010	-0.126804E-009	-0.317161E-009	-0.858452E-009	-0.247434E-008	-0.748683E-008	-0.235114E-007	-0.759738E-007	-0.251019E-006	-0.844087E-006	-0.287874E-005	-0.993125E-005	-0.345794E-004	-0.121209E-003	-0.425551E-003	-0.147390E-002	-0.479286E-002	-0.128257E-001	-0.235531E-001
		-0.787207E-011	-0.104637E-010	-0.144903E-010	-0.211320E-010	-0.328930E-010	-0.554769E-010	-0.102818E-009	-0.211239E-009	-0.481051E-009	-0.120320E-008	-0.325668E-008	-0.938683E-008	-0.284026E-007	-0.891942E-007	-0.288219E-006	-0.952274E-006	-0.320207E-005	-0.109195E-004	-0.376565E-004	-0.130929E-003	-0.456501E-003	-0.157153E-002	-0.508208E-002	-0.135262E-001	-0.247126E-001
		-0.232138E-010	-0.298640E-010	-0.396959E-010	-0.549712E-010	-0.801679E-010	-0.124785E-009	-0.210461E-009	-0.390056E-009	-0.801371E-009	-0.182495E-008	-0.456455E-008	-0.123548E-007	-0.356105E-007	-0.107750E-006	-0.338372E-006	-0.109339E-005	-0.361248E-005	-0.121459E-004	-0.414035E-004	-0.142578E-003	-0.493087E-003	-0.168558E-002	-0.541631E-002	-0.143278E-001	-0.260277E-001
		-0.702875E-010	-0.880654E-010	-0.113294E-009	-0.150593E-009	-0.208543E-009	-0.304130E-009	-0.473393E-009	-0.798419E-009	-0.147974E-008	-0.304013E-008	-0.692324E-008	-0.173164E-007	-0.468699E-007	-0.135094E-006	-0.408766E-006	-0.128366E-005	-0.414782E-005	-0.137026E-004	-0.460533E-004	-0.156762E-003	-0.536926E-003	-0.182035E-002	-0.580642E-002	-0.152527E-001	-0.275299E-001
		-0.217483E-009	-0.266648E-009	-0.334091E-009	-0.429801E-009	-0.571301E-009	-0.791141E-009	-0.115377E-008	-0.179590E-008	-0.302894E-008	-0.561365E-008	-0.115333E-007	-0.262645E-007	-0.656926E-007	-0.177809E-006	-0.512502E-006	-0.155071E-005	-0.486959E-005	-0.157332E-004	-0.519555E-004	-0.174364E-003	-0.590302E-003	-0.198178E-002	-0.626699E-002	-0.163301E-001	-0.292594E-001
		-0.685185E-009	-0.825058E-009	-0.101157E-008	-0.126743E-008	-0.163052E-008	-0.216732E-008	-0.300133E-008	-0.437702E-008	-0.681303E-008	-0.114908E-007	-0.212963E-007	-0.437533E-007	-0.996387E-007	-0.249215E-006	-0.674545E-006	-0.194424E-005	-0.588262E-005	-0.184709E-004	-0.596541E-004	-0.196704E-003	-0.656525E-003	-0.217824E-002	-0.681803E-002	-0.175990E-001	-0.312685E-001
		-0.219178E-008	-0.259936E-008	-0.313000E-008	-0.383757E-008	-0.480821E-008	-0.618565E-008	-0.822211E-008	-0.113860E-007	-0.166050E-007	-0.258464E-007	-0.435922E-007	-0.807911E-007	-0.165986E-006	-0.377995E-006	-0.945437E-006	-0.255897E-005	-0.737548E-005	-0.223133E-004	-0.700333E-004	-0.225842E-003	-0.740562E-003	-0.242185E-002	-0.748764E-002	-0.191127E-001	-0.336269E-001
		-0.710274E-008	-0.831489E-008	-0.986111E-008	-0.118742E-007	-0.145585E-007	-0.182407E-007	-0.234663E-007	-0.311919E-007	-0.431948E-007	-0.629936E-007	-0.980525E-007	-0.165374E-006	-0.306494E-006	-0.629692E-006	-0.143398E-005	-0.358662E-005	-0.970741E-005	-0.279756E-004	-0.846002E-004	-0.265122E-003	-0.850138E-003	-0.273075E-002	-0.831634E-002	-0.209450E-001	-0.364281E-001
		-0.232765E-007	-0.269454E-007	-0.315439E-007	-0.374097E-007	-0.450465E-007	-0.552298E-007	-0.691990E-007	-0.890231E-007	-0.118331E-006	-0.163866E-006	-0.238976E-006	-0.371977E-006	-0.627372E-006	-0.116273E-005	-0.238882E-005	-0.543993E-005	-0.136057E-004	-0.368200E-004	-0.106065E-003	-0.320240E-003	-0.997789E-003	-0.313311E-002	-0.936450E-002	-0.232017E-001	-0.398011E-001
		-0.770261E-007	-0.883023E-007	-0.102221E-006	-0.119666E-006	-0.141918E-006	-0.170890E-006	-0.209521E-006	-0.262515E-006	-0.337720E-006	-0.448905E-006	-0.621646E-006	-0.906583E-006	-0.141114E-005	-0.238000E-005	-0.441090E-005	-0.906203E-005	-0.206356E-004	-0.516041E-004	-0.139587E-003	-0.401435E-003	-0.120485E-002	-0.367447E-002	-0.107250E-001	-0.260377E-001	-0.439268E-001
		-0.257077E-006	-0.292201E-006	-0.334977E-006	-0.387777E-006	-0.453954E-006	-0.538370E-006	-0.648272E-006	-0.794821E-006	-0.995853E-006	-0.128114E-005	-0.170292E-005	-0.235820E-005	-0.343910E-005	-0.535307E-005	-0.902829E-005	-0.167320E-004	-0.343732E-004	-0.782604E-004	-0.195607E-003	-0.528177E-003	-0.150954E-002	-0.443189E-002	-0.125464E-001	-0.296864E-001	-0.490645E-001
		-0.864434E-006	-0.975128E-006	-0.110835E-005	-0.127061E-005	-0.147088E-005	-0.172190E-005	-0.204209E-005	-0.245895E-005	-0.301481E-005	-0.377733E-005	-0.485942E-005	-0.645918E-005	-0.894460E-005	-0.130442E-004	-0.203033E-004	-0.342414E-004	-0.634534E-004	-0.130328E-003	-0.296545E-003	-0.739745E-003	-0.198423E-002	-0.554216E-002	-0.150750E-001	-0.345090E-001	-0.555916E-001
		-0.292523E-005	-0.327764E-005	-0.369734E-005	-0.420246E-005	-0.481763E-005	-0.557696E-005	-0.652865E-005	-0.774261E-005	-0.932305E-005	-0.114304E-004	-0.143212E-004	-0.184234E-004	-0.244879E-004	-0.339092E-004	-0.494482E-004	-0.769593E-004	-0.129771E-003	-0.240404E-003	-0.493369E-003	-0.112000E-002	-0.277341E-002	-0.725948E-002	-0.187337E-001	-0.410729E-001	-0.640585E-001
		-0.994439E-005	-0.110752E-004	-0.124093E-004	-0.139981E-004	-0.159102E-004	-0.182388E-004	-0.211129E-004	-0.247151E-004	-0.293096E-004	-0.352909E-004	-0.432659E-004	-0.542045E-004	-0.697254E-004	-0.926674E-004	-0.128301E-003	-0.187057E-003	-0.291033E-003	-0.490461E-003	-0.907473E-003	-0.185671E-002	-0.417854E-002	-0.100724E-001	-0.242579E-001	-0.502548E-001	-0.752334E-001
		-0.338060E-004	-0.374445E-004	-0.417004E-004	-0.467209E-004	-0.526993E-004	-0.598936E-004	-0.686541E-004	-0.794654E-004	-0.930130E-004	-0.110290E-003	-0.132777E-003	-0.162750E-003	-0.203850E-003	-0.262142E-003	-0.348258E-003	-0.481917E-003	-0.702063E-003	-0.109096E-002	-0.183450E-002	-0.337880E-002	-0.683593E-002	-0.149116E-001	-0.328638E-001	-0.632540E-001	-0.899902E-001
		-0.113192E-003	-0.124742E-003	-0.138145E-003	-0.153819E-003	-0.172303E-003	-0.194306E-003	-0.220774E-003	-0.252991E-003	-0.292731E-003	-0.342499E-003	-0.405926E-003	-0.488412E-003	-0.598257E-003	-0.748694E-003	-0.961740E-003	-0.127586E-002	-0.176209E-002	-0.255981E-002	-0.396016E-002	-0.660698E-002	-0.119730E-001	-0.233055E-001	-0.460644E-001	-0.809061E-001	-0.108421E+000
		-0.354943E-003	-0.389247E-003	-0.428753E-003	-0.474563E-003	-0.528086E-003	-0.591144E-003	-0.666125E-003	-0.756210E-003	-0.865703E-003	-0.100054E-002	-0.116910E-002	-0.138343E-002	-0.166144E-002	-0.203049E-002	-0.253396E-002	-0.324346E-002	-0.428292E-002	-0.587798E-002	-0.846206E-002	-0.129078E-001	-0.210105E-001	-0.362473E-001	-0.633729E-001	-0.100444E+000	-0.126526E+000
		-0.911905E-003	-0.994985E-003	-0.108991E-002	-0.119903E-002	-0.132532E-002	-0.147254E-002	-0.164556E-002	-0.185072E-002	-0.209645E-002	-0.239408E-002	-0.275913E-002	-0.321334E-002	-0.378780E-002	-0.452818E-002	-0.550351E-002	-0.682173E-002	-0.865795E-002	-0.113081E-001	-0.152936E-001	-0.215648E-001	-0.318616E-001	-0.491007E-001	-0.763737E-001	-0.110029E+000	-0.131165E+000
		-0.160315E-002	-0.174057E-002	-0.189638E-002	-0.207400E-002	-0.227766E-002	-0.251271E-002	-0.278588E-002	-0.310583E-002	-0.348382E-002	-0.393462E-002	-0.447804E-002	-0.514098E-002	-0.596075E-002	-0.699017E-002	-0.830588E-002	-0.100221E-001	-0.123143E-001	-0.154607E-001	-0.199171E-001	-0.264481E-001	-0.363251E-001	-0.514333E-001	-0.732576E-001	-0.978693E-001	-0.110258E+000
		-0.195126E-002	-0.210999E-002	-0.228883E-002	-0.249132E-002	-0.272179E-002	-0.298564E-002	-0.328959E-002	-0.364214E-002	-0.405418E-002	-0.453977E-002	-0.511736E-002	-0.581150E-002	-0.665545E-002	-0.769501E-002	-0.899467E-002	-0.106473E-001	-0.127899E-001	-0.156306E-001	-0.194932E-001	-0.248897E-001	-0.326120E-001	-0.437029E-001	-0.585716E-001	-0.733593E-001	-0.766602E-001
		-0.197546E-002	-0.212932E-002	-0.230182E-002	-0.249608E-002	-0.271591E-002	-0.296599E-002	-0.325210E-002	-0.358148E-002	-0.396324E-002	-0.440906E-002	-0.493398E-002	-0.555773E-002	-0.630652E-002	-0.721577E-002	-0.833417E-002	-0.973010E-002	-0.115017E-001	-0.137928E-001	-0.168193E-001	-0.209063E-001	-0.265230E-001	-0.341930E-001	-0.437279E-001	-0.515401E-001	-0.493324E-001
		-0.188326E-002	-0.202432E-002	-0.218180E-002	-0.235833E-002	-0.255711E-002	-0.278202E-002	-0.303784E-002	-0.333045E-002	-0.366725E-002	-0.405754E-002	-0.451319E-002	-0.504956E-002	-0.568673E-002	-0.645137E-002	-0.737952E-002	-0.852067E-002	-0.994417E-002	-0.117491E-001	-0.140789E-001	-0.171408E-001	-0.212114E-001	-0.265279E-001	-0.326377E-001	-0.364126E-001	-0.320285E-001
		-0.176801E-002	-0.189566E-002	-0.203761E-002	-0.219607E-002	-0.237370E-002	-0.257370E-002	-0.279999E-002	-0.305736E-002	-0.335174E-002	-0.369055E-002	-0.408314E-002	-0.454147E-002	-0.508093E-002	-0.572173E-002	-0.649066E-002	-0.742388E-002	-0.857100E-002	-0.100012E-001	-0.118117E-001	-0.141371E-001	-0.171417E-001	-0.209115E-001	-0.249116E-001	-0.265167E-001	-0.216842E-001
		-0.165570E-002	-0.177109E-002	-0.189895E-002	-0.204114E-002	-0.219986E-002	-0.237778E-002	-0.257811E-002	-0.280476E-002	-0.306254E-002	-0.335739E-002	-0.369674E-002	-0.408995E-002	-0.454898E-002	-0.508927E-002	-0.573102E-002	-0.650105E-002	-0.743546E-002	-0.858351E-002	-0.100126E-001	-0.118119E-001	-0.140799E-001	-0.168238E-001	-0.195113E-001	-0.199712E-001	-0.153814E-001
		-0.155192E-002	-0.165646E-002	-0.177191E-002	-0.189982E-002	-0.204207E-002	-0.220086E-002	-0.237886E-002	-0.257927E-002	-0.280602E-002	-0.306391E-002	-0.335889E-002	-0.369837E-002	-0.409174E-002	-0.455096E-002	-0.509146E-002	-0.573343E-002	-0.650361E-002	-0.743776E-002	-0.858354E-002	-0.100014E-001	-0.117500E-001	-0.137967E-001	-0.156456E-001	-0.155040E-001	-0.113746E-001
		-0.145713E-002	-0.155211E-002	-0.165666E-002	-0.177212E-002	-0.190005E-002	-0.204232E-002	-0.220112E-002	-0.237914E-002	-0.257958E-002	-0.280636E-002	-0.306428E-002	-0.335928E-002	-0.369880E-002	-0.409222E-002	-0.455147E-002	-0.509200E-002	-0.573391E-002	-0.650362E-002	-0.743550E-002	-0.857118E-002	-0.994495E-002	-0.115049E-001	-0.128025E-001	-0.123497E-001	-0.870973E-002
		-0.137064E-002	-0.145718E-002	-0.155216E-002	-0.165671E-002	-0.177218E-002	-0.190011E-002	-0.204238E-002	-0.220119E-002	-0.237922E-002	-0.257966E-002	-0.280644E-002	-0.306437E-002	-0.335939E-002	-0.369892E-002	-0.409233E-002	-0.455157E-002	-0.509200E-002	-0.573344E-002	-0.650108E-002	-0.742404E-002	-0.852135E-002	-0.973293E-002	-0.106580E-001	-0.100515E-001	-0.686309E-002
		-0.129159E-002	-0.137065E-002	-0.145719E-002	-0.155217E-002	-0.165673E-002	-0.177219E-002	-0.190013E-002	-0.204240E-002	-0.220121E-002	-0.237924E-002	-0.257968E-002	-0.280647E-002	-0.306440E-002	-0.335941E-002	-0.369894E-002	-0.409233E-002	-0.455147E-002	-0.509146E-002	-0.573105E-002	-0.649080E-002	-0.738012E-002	-0.833663E-002	-0.900387E-002	-0.833063E-002	-0.553725E-002
		-0.121917E-002	-0.129159E-002	-0.137065E-002	-0.145719E-002	-0.155217E-002	-0.165673E-002	-0.177220E-002	-0.190013E-002	-0.204240E-002	-0.220122E-002	-0.237924E-002	-0.257969E-002	-0.280647E-002	-0.306440E-002	-0.335941E-002	-0.369892E-002	-0.409222E-002	-0.455097E-002	-0.508930E-002	-0.572186E-002	-0.645190E-002	-0.721793E-002	-0.770299E-002	-0.701128E-002	-0.455618E-002
		-0.115266E-002	-0.121917E-002	-0.129159E-002	-0.137066E-002	-0.145719E-002	-0.155217E-002	-0.165673E-002	-0.177220E-002	-0.190013E-002	-0.204240E-002	-0.220122E-002	-0.237924E-002	-0.257969E-002	-0.280647E-002	-0.306440E-002	-0.335939E-002	-0.369881E-002	-0.409175E-002	-0.454900E-002	-0.508105E-002	-0.568720E-002	-0.630844E-002	-0.666244E-002	-0.597895E-002	-0.381140E-002
		-0.109144E-002	-0.115266E-002	-0.121917E-002	-0.129159E-002	-0.137066E-002	-0.145719E-002	-0.155217E-002	-0.165673E-002	-0.177220E-002	-0.190013E-002	-0.204240E-002	-0.220122E-002	-0.237924E-002	-0.257969E-002	-0.280647E-002	-0.306437E-002	-0.335928E-002	-0.369838E-002	-0.408997E-002	-0.454157E-002	-0.504998E-002	-0.555943E-002	-0.581767E-002	-0.515684E-002	-0.323348E-002
		-0.103497E-002	-0.109144E-002	-0.115266E-002	-0.121917E-002	-0.129159E-002	-0.137066E-002	-0.145719E-002	-0.155217E-002	-0.165673E-002	-0.177220E-002	-0.190013E-002	-0.204240E-002	-0.220122E-002	-0.237924E-002	-0.257968E-002	-0.280645E-002	-0.306428E-002	-0.335889E-002	-0.369676E-002	-0.408324E-002	-0.451357E-002	-0.493551E-002	-0.512284E-002	-0.449197E-002	-0.277651E-002
		-0.982758E-003	-0.103497E-002	-0.109144E-002	-0.115266E-002	-0.121917E-002	-0.129159E-002	-0.137066E-002	-0.145719E-002	-0.155217E-002	-0.165673E-002	-0.177220E-002	-0.190013E-002	-0.204240E-002	-0.220122E-002	-0.237924E-002	-0.257966E-002	-0.280636E-002	-0.306392E-002	-0.335741E-002	-0.369063E-002	-0.405788E-002	-0.441043E-002	-0.454468E-002	-0.394695E-002	-0.240923E-002
		-0.934399E-003	-0.982758E-003	-0.103497E-002	-0.109144E-002	-0.115266E-002	-0.121917E-002	-0.129159E-002	-0.137066E-002	-0.145719E-002	-0.155217E-002	-0.165673E-002	-0.177220E-002	-0.190013E-002	-0.204240E-002	-0.220121E-002	-0.237922E-002	-0.257958E-002	-0.280603E-002	-0.306256E-002	-0.335181E-002	-0.366756E-002	-0.396449E-002	-0.405860E-002	-0.349480E-002	-0.210977E-002
		-0.889520E-003	-0.934399E-003	-0.982758E-003	-0.103497E-002	-0.109144E-002	-0.115266E-002	-0.121917E-002	-0.129159E-002	-0.137066E-002	-0.145719E-002	-0.155217E-002	-0.165673E-002	-0.177220E-002	-0.190013E-002	-0.204240E-002	-0.220119E-002	-0.237914E-002	-0.257928E-002	-0.280478E-002	-0.305743E-002	-0.333074E-002	-0.358261E-002	-0.364614E-002	-0.311568E-002	-0.186252E-002
		-0.847795E-003	-0.889520E-003	-0.934399E-003	-0.982758E-003	-0.103497E-002	-0.109144E-002	-0.115266E-002	-0.121917E-002	-0.129159E-002	-0.137066E-002	-0.145719E-002	-0.155217E-002	-0.165673E-002	-0.177220E-002	-0.190013E-002	-0.204238E-002	-0.220113E-002	-0.237886E-002	-0.257812E-002	-0.280005E-002	-0.303810E-002	-0.325314E-002	-0.329321E-002	-0.279476E-002	-0.165608E-002
		-0.808936E-003	-0.847795E-003	-0.889520E-003	-0.934399E-003	-0.982758E-003	-0.103497E-002	-0.109144E-002	-0.115266E-002	-0.121917E-002	-0.129159E-002	-0.137066E-002	-0.145719E-002	-0.155217E-002	-0.165673E-002	-0.177219E-002	-0.190011E-002	-0.204232E-002	-0.220086E-002	-0.237779E-002	-0.257376E-002	-0.278226E-002	-0.296694E-002	-0.298895E-002	-0.252075E-002	-0.148198E-002
		-0.772685E-003	-0.808936E-003	-0.847795E-003	-0.889520E-003	-0.934399E-003	-0.982758E-003	-0.103497E-002	-0.109144E-002	-0.115266E-002	-0.121917E-002	-0.129159E-002	-0.137066E-002	-0.145719E-002	-0.155217E-002	-0.165673E-002	-0.177218E-002	-0.190005E-002	-0.204207E-002	-0.219987E-002	-0.237375E-002	-0.255733E-002	-0.271678E-002	-0.272482E-002	-0.228498E-002	-0.133383E-002
		-0.738816E-003	-0.772685E-003	-0.808936E-003	-0.847795E-003	-0.889520E-003	-0.934399E-003	-0.982758E-003	-0.103497E-002	-0.109144E-002	-0.115266E-002	-0.121917E-002	-0.129159E-002	-0.137066E-002	-0.145719E-002	-0.155217E-002	-0.165671E-002	-0.177212E-002	-0.189983E-002	-0.204115E-002	-0.219612E-002	-0.235854E-002	-0.249688E-002	-0.249410E-002	-0.208069E-002	-0.120676E-002
		-0.707123E-003	-0.738816E-003	-0.772685E-003	-0.808936E-003	-0.847795E-003	-0.889520E-003	-0.934399E-003	-0.982758E-003	-0.103497E-002	-0.109144E-002	-0.115266E-002	-0.121917E-002	-0.129159E-002	-0.137065E-002	-0.145719E-002	-0.155216E-002	-0.165666E-002	-0.177191E-002	-0.189896E-002	-0.203765E-002	-0.218199E-002	-0.230256E-002	-0.229140E-002	-0.190252E-002	-0.109694E-002
		-0.677426E-003	-0.707123E-003	-0.738816E-003	-0.772685E-003	-0.808936E-003	-0.847795E-003	-0.889520E-003	-0.934399E-003	-0.982758E-003	-0.103497E-002	-0.109144E-002	-0.115266E-002	-0.121917E-002	-0.129159E-002	-0.137065E-002	-0.145718E-002	-0.155211E-002	-0.165646E-002	-0.177110E-002	-0.189570E-002	-0.202450E-002	-0.213001E-002	-0.211237E-002	-0.174622E-002	-0.100142E-002
		-0.649559E-003	-0.677426E-003	-0.707123E-003	-0.738816E-003	-0.772685E-003	-0.808936E-003	-0.847795E-003	-0.889520E-003	-0.934399E-003	-0.982758E-003	-0.103497E-002	-0.109144E-002	-0.115266E-002	-0.121917E-002	-0.129159E-002	-0.137064E-002	-0.145713E-002	-0.155192E-002	-0.165571E-002	-0.176805E-002	-0.188342E-002	-0.197611E-002	-0.195347E-002	-0.160837E-002	-0.917809E-003
		-0.623376E-003	-0.649559E-003	-0.677426E-003	-0.707123E-003	-0.738816E-003	-0.772685E-003	-0.808936E-003	-0.847795E-003	-0.889520E-003	-0.934399E-003	-0.982758E-003	-0.103497E-002	-0.109144E-002	-0.115266E-002	-0.121916E-002	-0.129158E-002	-0.137060E-002	-0.145695E-002	-0.155121E-002	-0.165284E-002	-0.175656E-002	-0.183826E-002	-0.181181E-002	-0.148617E-002	-0.844223E-003
	-0.131930E-028																								
	-0.499888E-028																								
	-0.189564E-027																								
	-0.719437E-027																								
	-0.273265E-026																								
	-0.103879E-025																								
	-0.395213E-025																								
	-0.150485E-024																								
	-0.573483E-024																								
	-0.218734E-023																								
	-0.835002E-023																								
	-0.319036E-022																								
	-0.122006E-021																								
	-0.467007E-021																								
	-0.178926E-020																								
	-0.686190E-020																								
	-0.263418E-019																								
	-0.101224E-018																								
	-0.389354E-018																								
	-0.149872E-017																								
	-0.576712E-017																								
	-0.220964E-016																								
	-0.830518E-016																								
	-0.291052E-015																								
	-0.830829E-015																								
	-0.161481E-014																								
	-0.217261E-014																								
	-0.243454E-014																								
	-0.256945E-014																								
	-0.266976E-014																								
	-0.276641E-014																								
	-0.286914E-014																								
	-0.298174E-014																								
	-0.310655E-014																								
	-0.324583E-014																								
	-0.340219E-014																								
	-0.357881E-014																								
	-0.377973E-014																								
	-0.401006E-014																								
	-0.427647E-014																								
	-0.458776E-014																								
	-0.495576E-014																								
	-0.539678E-014																								
	-0.593382E-014																								
	-0.660028E-014																								
	-0.744625E-014																								
	-0.854973E-014																								
	-0.100375E-013																								
	-0.121257E-013																								
	-0.152029E-013																								
	-0.200097E-013																								
	-0.280455E-013																								
	-0.425379E-013																								
	-0.708628E-013																								
	-0.130849E-012																								
	-0.267840E-012																								
	-0.602456E-012																								
	-0.146833E-011																								
	-0.381959E-011																								
	-0.104637E-010																								
	-0.298640E-010																								
	-0.880654E-010																								
	-0.266648E-009																								
	-0.825058E-009																								
	-0.259936E-008																								
	-0.831489E-008																								
	-0.269454E-007																								
	-0.883023E-007																								
	-0.292201E-006																								
	-0.975128E-006																								
	-0.327764E-005																								
	-0.110752E-004																								
	-0.374445E-004																								
	-0.124742E-003																								
	-0.389247E-003																								
	-0.994985E-003																								
	-0.174057E-002																								
	-0.210999E-002																								
	-0.212932E-002																								
	-0.202432E-002																								
	-0.189566E-002																								
	-0.177109E-002																								
	-0.165646E-002																								
	-0.155211E-002																								
	-0.145718E-002																								
	-0.137065E-002																								
	-0.129159E-002																								
	-0.121917E-002																								
	-0.115266E-002																								
	-0.109144E-002																								
	-0.103497E-002																								
	-0.982758E-003																								
	-0.934399E-003																								
	-0.889520E-003																								
	-0.847795E-003																								
	-0.808936E-003																								
	-0.772685E-003																								
	-0.738816E-003																								
	-0.707123E-003																								
	-0.677426E-003																								
	-0.649559E-003																								
