	-0.573696E-009	-0.879293E-008	-0.436806E-007	-0.136049E-006	-0.327423E-006	-0.668537E-006	-0.121740E-005
	-0.578082E-009	-0.885671E-008	-0.439721E-007	-0.136847E-006	-0.329002E-006	-0.670887E-006	-0.121975E-005
	-0.579075E-009	-0.886970E-008	-0.440068E-007	-0.136823E-006	-0.328526E-006	-0.668853E-006	-0.121371E-005
	-0.575842E-009	-0.881617E-008	-0.437046E-007	-0.135721E-006	-0.325367E-006	-0.661111E-006	-0.119676E-005
	-0.567068E-009	-0.867580E-008	-0.429625E-007	-0.133212E-006	-0.318711E-006	-0.645947E-006	-0.116567E-005
	-0.551015E-009	-0.842159E-008	-0.416453E-007	-0.128870E-006	-0.307504E-006	-0.621141E-006	-0.111626E-005
	-0.525016E-009	-0.801885E-008	-0.395776E-007	-0.122135E-006	-0.290369E-006	-0.583796E-006	-0.104305E-005
	-0.486810E-009	-0.742169E-008	-0.365281E-007	-0.112273E-006	-0.265495E-006	-0.530107E-006	-0.938892E-006
	-0.432214E-009	-0.656900E-008	-0.321900E-007	-0.983117E-007	-0.230484E-006	-0.455033E-006	-0.794279E-006
	-0.355324E-009	-0.537910E-008	-0.261526E-007	-0.789488E-007	-0.182129E-006	-0.351839E-006	-0.596543E-006
	-0.249805E-009	-0.374246E-008	-0.178620E-007	-0.524266E-007	-0.116102E-006	-0.211440E-006	-0.328595E-006
	-0.105790E-009	-0.150793E-008	-0.656118E-008	-0.163446E-007	-0.264928E-007	-0.214390E-007	0.328666E-007
	0.907209E-010	0.153218E-008	0.879678E-008	0.326155E-007	0.948622E-007	0.235290E-006	0.520015E-006
	0.357982E-009	0.566980E-008	0.296801E-007	0.991049E-007	0.259407E-006	0.582739E-006	0.117790E-005
	0.723168E-009	0.113205E-007	0.581791E-007	0.189748E-006	0.483435E-006	0.105505E-005	0.207060E-005
	0.122550E-008	0.190874E-007	0.973258E-007	0.314149E-006	0.790557E-006	0.170169E-005	0.329090E-005
	0.192235E-008	0.298622E-007	0.151606E-006	0.486517E-006	0.121570E-005	0.259581E-005	0.497596E-005
	0.290164E-008	0.449966E-007	0.227815E-006	0.728370E-006	0.181176E-005	0.384813E-005	0.733321E-005
	0.429922E-008	0.665934E-007	0.336526E-006	0.107319E-005	0.266099E-005	0.563076E-005	0.106850E-004
	0.633396E-008	0.980302E-007	0.494718E-006	0.157473E-005	0.389544E-005	0.821990E-005	0.155480E-004
	0.937037E-008	0.144935E-006	0.730685E-006	0.232257E-005	0.573503E-005	0.120752E-004	0.227817E-004
	0.140434E-007	0.217113E-006	0.109372E-005	0.347268E-005	0.856265E-005	0.179965E-004	0.338786E-004
	0.215205E-007	0.332592E-006	0.167442E-005	0.531175E-005	0.130814E-004	0.274504E-004	0.515718E-004
	0.340963E-007	0.526797E-006	0.265081E-005	0.840267E-005	0.206707E-004	0.433093E-004	0.811975E-004
	0.566786E-007	0.875490E-006	0.440341E-005	0.139476E-004	0.342709E-004	0.716788E-004	0.134047E-003
	0.100998E-006	0.155967E-005	0.784047E-005	0.248107E-004	0.608662E-004	0.126987E-003	0.236595E-003
	0.199694E-006	0.308245E-005	0.154813E-004	0.489072E-004	0.119638E-003	0.248475E-003	0.459819E-003
	0.466049E-006	0.718588E-005	0.360059E-004	0.113276E-003	0.275224E-003	0.565689E-003	0.103116E-002
	0.147325E-005	0.224295E-004	0.111393E-003	0.345635E-003	0.822184E-003	0.163915E-002	0.286732E-002
	0.657118E-005	0.125340E-003	0.599667E-003	0.175092E-002	0.378311E-002	0.675217E-002	0.103639E-001
	0.719657E-003	0.332616E-002	0.334829E-002	0.908570E-002	0.155168E-001	0.239313E-001	0.298420E-001
	-0.495583E-002	0.240342E-002	0.160732E-002	0.453850E-002	0.775940E-002	0.153081E-001	0.213983E-001
	-0.442327E-003	0.246798E-004	0.594959E-003	-0.101479E-002	0.280016E-002	0.674134E-002	0.101080E-001
	-0.505316E-002	-0.149437E-002	0.392802E-002	-0.538384E-002	0.204350E-002	0.414073E-002	0.668259E-002
	0.949997E-002	0.314441E-002	-0.732704E-002	-0.379033E-002	0.249946E-002	0.144886E-002	0.665725E-002
	0.558563E-002	-0.220732E-002	-0.379360E-003	0.601980E-002	0.343301E-003	0.172460E-002	0.294682E-002
	-0.589574E-002	-0.267430E-002	-0.118176E-002	-0.299162E-002	0.140754E-002	-0.732080E-002	0.723242E-002
	0.279075E-002	-0.162165E-002	-0.986803E-003	-0.222509E-002	-0.297611E-002	0.176538E-002	0.308571E-003
	-0.461053E-003	-0.270670E-002	-0.819832E-002	0.138261E-002	-0.135385E-002	0.321102E-002	0.738295E-002
	0.107954E-001	0.360971E-002	-0.173876E-003	-0.136660E-002	-0.178818E-002	-0.202080E-002	-0.569706E-003
	-0.683717E-002	-0.118345E-001	-0.968913E-002	-0.189508E-001	-0.446514E-002	-0.993450E-002	-0.283380E-001
	-0.334762E-002	-0.678613E-002	-0.352838E-002	-0.171519E-001	-0.420884E-002	-0.103038E-001	-0.282098E-001
	0.107755E-002	0.134101E-002	-0.203853E-002	-0.354990E-003	-0.141505E-001	-0.212574E-001	-0.285059E-001
	0.180931E-001	0.206261E-003	-0.376161E-002	-0.433456E-003	0.168361E-001	-0.410797E-002	-0.363759E-002
	0.863135E-002	0.700362E-003	-0.412817E-002	-0.106006E-001	-0.265972E-001	0.649815E-004	-0.338498E-001
	-0.190501E-001	-0.315569E-002	-0.321041E-001	0.114634E-002	0.147711E-003	-0.157065E-001	-0.455698E-002
	0.109786E-002	0.228842E-002	-0.277268E-003	-0.137239E-001	-0.264316E-002	-0.124582E-001	-0.235011E-001
	0.400546E-003	0.274376E-002	0.127719E-003	0.139062E-004	0.130255E-003	-0.106306E-001	0.452462E-002
	-0.683665E-004	0.267674E-002	-0.902906E-005	-0.252171E-001	0.420845E-002	0.112994E-002	-0.118411E-001
	-0.225694E-002	-0.447804E-003	-0.759605E-004	0.124125E-003	0.164127E-004	-0.426637E-003	-0.653860E-002
	-0.203176E-002	-0.178070E-003	-0.648263E-002	-0.109725E-001	-0.155019E-003	-0.209993E-001	0.197215E-002
	-0.262874E-003	0.118610E-002	0.489582E-004	-0.886958E-003	0.128352E-002	-0.108369E-001	0.124074E-001
	-0.336392E-004	-0.671510E-002	0.542627E-002	-0.287361E-003	-0.191112E-002	-0.405611E-002	-0.258819E-002
	-0.285498E-001	-0.171254E-003	0.230887E-004	0.233957E-003	-0.180131E-001	-0.226075E-003	0.122731E-002
	-0.287749E-003	0.115241E-003	-0.131328E-002	-0.201310E-003	-0.571825E-002	0.635254E-002	0.378621E-004
	0.163927E-003	-0.130253E-001	-0.286152E-004	-0.159067E-003	-0.395376E-002	0.245833E-001	-0.731677E-002
	-0.316331E-002	0.396166E-003	0.824666E-003	-0.746691E-003	-0.159235E-001	-0.275206E-003	-0.129345E-003
	-0.207549E-003	0.237743E-002	0.767678E-002	0.449774E-004	-0.839421E-003	0.762290E-003	-0.205542E-001
	-0.174886E-001	0.239582E-003	-0.881933E-002	-0.636823E-003	-0.328677E-003	0.140326E-002	-0.134012E-001
	-0.369230E-003	0.263391E-002	-0.203122E-003	0.282434E-003	-0.759163E-002	-0.584700E-003	-0.346714E-004
	-0.703593E-003	-0.522130E-003	-0.284637E-002	0.539799E-003	-0.845016E-002	-0.858091E-003	0.156630E-001
	0.101004E-003	-0.101342E-001	0.190794E-003	0.427922E-002	-0.463287E-003	-0.108545E-003	-0.132081E-002
	-0.266211E-002	-0.589598E-002	-0.766362E-002	-0.278081E-001	-0.310806E-003	0.109907E-002	0.196428E-002
	-0.402507E-001	0.211281E-001	0.745517E-002	-0.207584E-003	0.157378E-001	-0.389053E-002	0.141149E-002
	0.117409E-001	0.144825E-001	-0.161770E-002	-0.292055E-002	-0.114305E-002	-0.395807E-003	0.237456E-002
	-0.347935E-003	0.461116E-002	0.266865E-002	-0.862452E-002	-0.882616E-002	-0.169220E-001	0.137106E-002
	-0.409393E-002	0.573717E-002	-0.358869E-002	0.124438E-002	0.186204E-001	-0.342900E-002	-0.281030E-002
	0.460512E-002	0.226238E-001	-0.108556E-001	0.576112E-003	-0.157836E-002	0.614496E-003	-0.804338E-002
	0.136312E-002	0.681182E-002	0.523415E-003	-0.118837E-002	0.339828E-003	-0.786757E-003	0.120965E-002
	-0.512398E-002	0.132924E-001	-0.384876E-002	-0.165065E-001	-0.147658E-001	-0.605203E-002	0.275324E-004
	-0.131020E-002	-0.315378E-002	-0.204858E-002	0.175485E-002	0.207284E-002	0.721489E-003	0.103285E-001
