	-0.573696E-009	-0.879293E-008	-0.436806E-007
	-0.578082E-009	-0.885671E-008	-0.439721E-007
	-0.579075E-009	-0.886970E-008	-0.440068E-007
	-0.575842E-009	-0.881617E-008	-0.437046E-007
	-0.567068E-009	-0.867580E-008	-0.429625E-007
	-0.551015E-009	-0.842159E-008	-0.416453E-007
	-0.525016E-009	-0.801885E-008	-0.395776E-007
	-0.486810E-009	-0.742169E-008	-0.365281E-007
	-0.432214E-009	-0.656900E-008	-0.321900E-007
	-0.355324E-009	-0.537910E-008	-0.261526E-007
	-0.249805E-009	-0.374246E-008	-0.178620E-007
	-0.105790E-009	-0.150793E-008	-0.656118E-008
	0.907209E-010	0.153218E-008	0.879678E-008
	0.357982E-009	0.566980E-008	0.296801E-007
	0.723168E-009	0.113205E-007	0.581791E-007
	0.122550E-008	0.190874E-007	0.973258E-007
	0.192235E-008	0.298622E-007	0.151606E-006
	0.290164E-008	0.449966E-007	0.227815E-006
	0.429922E-008	0.665934E-007	0.336526E-006
	0.633396E-008	0.980302E-007	0.494718E-006
	0.937037E-008	0.144935E-006	0.730685E-006
	0.140434E-007	0.217113E-006	0.109372E-005
	0.215205E-007	0.332592E-006	0.167442E-005
	0.340963E-007	0.526797E-006	0.265081E-005
	0.566786E-007	0.875490E-006	0.440341E-005
	0.100998E-006	0.155967E-005	0.784047E-005
	0.199694E-006	0.308245E-005	0.154813E-004
	0.466049E-006	0.718588E-005	0.360059E-004
	0.147325E-005	0.224295E-004	0.111393E-003
	0.657118E-005	0.125340E-003	0.599667E-003
	0.719657E-003	0.332616E-002	0.334829E-002
	-0.495583E-002	0.240342E-002	0.160732E-002
	-0.442327E-003	0.246798E-004	0.594959E-003
	-0.505316E-002	-0.149437E-002	0.392802E-002
	0.949997E-002	0.314441E-002	-0.732704E-002
	0.558563E-002	-0.220732E-002	-0.379360E-003
	-0.589574E-002	-0.267430E-002	-0.118176E-002
	0.279075E-002	-0.162165E-002	-0.986803E-003
	-0.461053E-003	-0.270670E-002	-0.819832E-002
	0.107954E-001	0.360971E-002	-0.173876E-003
	-0.683717E-002	-0.118345E-001	-0.968913E-002
	-0.334762E-002	-0.678613E-002	-0.352838E-002
	0.107755E-002	0.134101E-002	-0.203853E-002
	0.180931E-001	0.206261E-003	-0.376161E-002
	0.863135E-002	0.700362E-003	-0.412817E-002
	-0.190501E-001	-0.315569E-002	-0.321041E-001
	0.109786E-002	0.228842E-002	-0.277268E-003
	0.400546E-003	0.274376E-002	0.127719E-003
	-0.683665E-004	0.267674E-002	-0.902906E-005
	-0.225694E-002	-0.447804E-003	-0.759605E-004
	-0.203176E-002	-0.178070E-003	-0.648263E-002
	-0.262874E-003	0.118610E-002	0.489582E-004
	-0.336392E-004	-0.671510E-002	0.542627E-002
	-0.285498E-001	-0.171254E-003	0.230887E-004
	-0.287749E-003	0.115241E-003	-0.131328E-002
	0.163927E-003	-0.130253E-001	-0.286152E-004
	-0.316331E-002	0.396166E-003	0.824666E-003
	-0.207549E-003	0.237743E-002	0.767678E-002
	-0.174886E-001	0.239582E-003	-0.881933E-002
	-0.369230E-003	0.263391E-002	-0.203122E-003
	-0.703593E-003	-0.522130E-003	-0.284637E-002
	0.101004E-003	-0.101342E-001	0.190794E-003
	-0.266211E-002	-0.589598E-002	-0.766362E-002
	-0.402507E-001	0.211281E-001	0.745517E-002
	0.117409E-001	0.144825E-001	-0.161770E-002
	-0.347935E-003	0.461116E-002	0.266865E-002
	-0.409393E-002	0.573717E-002	-0.358869E-002
	0.460512E-002	0.226238E-001	-0.108556E-001
	0.136312E-002	0.681182E-002	0.523415E-003
	-0.512398E-002	0.132924E-001	-0.384876E-002
	-0.131020E-002	-0.315378E-002	-0.204858E-002
