	-0.573696E-009
	-0.578082E-009
	-0.579075E-009
	-0.575842E-009
	-0.567068E-009
	-0.551015E-009
	-0.525016E-009
	-0.486810E-009
	-0.432214E-009
	-0.355324E-009
	-0.249805E-009
	-0.105790E-009
	0.907209E-010
	0.357982E-009
	0.723168E-009
	0.122550E-008
	0.192235E-008
	0.290164E-008
	0.429922E-008
	0.633396E-008
	0.937037E-008
	0.140434E-007
	0.215205E-007
	0.340963E-007
	0.566786E-007
	0.100998E-006
	0.199694E-006
	0.466049E-006
	0.147325E-005
	0.657118E-005
	0.719657E-003
	-0.495583E-002
	-0.442327E-003
	-0.505316E-002
	0.949997E-002
	0.558563E-002
	-0.589574E-002
	0.279075E-002
	-0.461053E-003
	0.107954E-001
	-0.683717E-002
	-0.334762E-002
	0.107755E-002
	0.180931E-001
	0.863135E-002
	-0.190501E-001
	0.109786E-002
	0.400546E-003
	-0.683665E-004
	-0.225694E-002
	-0.203176E-002
	-0.262874E-003
	-0.336392E-004
	-0.285498E-001
	-0.287749E-003
	0.163927E-003
	-0.316331E-002
	-0.207549E-003
	-0.174886E-001
	-0.369230E-003
	-0.703593E-003
	0.101004E-003
	-0.266211E-002
	-0.402507E-001
	0.117409E-001
	-0.347935E-003
	-0.409393E-002
	0.460512E-002
	0.136312E-002
	-0.512398E-002
	-0.131020E-002
