	-0.573696E-009	-0.879293E-008	-0.436806E-007	-0.136049E-006	-0.327423E-006	-0.668537E-006	-0.121740E-005	-0.203696E-005	-0.319232E-005	-0.474756E-005	-0.676220E-005	-0.928727E-005	-0.123610E-004	-0.160046E-004	-0.202168E-004	-0.249700E-004	-0.302045E-004	-0.358241E-004	-0.416917E-004	-0.476248E-004	-0.533922E-004	-0.587117E-004	-0.632478E-004
	-0.578082E-009	-0.885671E-008	-0.439721E-007	-0.136847E-006	-0.329002E-006	-0.670887E-006	-0.121975E-005	-0.203705E-005	-0.318539E-005	-0.472502E-005	-0.670995E-005	-0.918361E-005	-0.121742E-004	-0.156899E-004	-0.197135E-004	-0.241973E-004	-0.290579E-004	-0.341713E-004	-0.393678E-004	-0.444284E-004	-0.490811E-004	-0.529988E-004	-0.557983E-004
	-0.579075E-009	-0.886970E-008	-0.440068E-007	-0.136823E-006	-0.328526E-006	-0.668853E-006	-0.121371E-005	-0.202227E-005	-0.315365E-005	-0.466298E-005	-0.659714E-005	-0.899001E-005	-0.118574E-004	-0.151916E-004	-0.189559E-004	-0.230791E-004	-0.274496E-004	-0.319105E-004	-0.362546E-004	-0.402207E-004	-0.434898E-004	-0.456844E-004	-0.463673E-004
	-0.575842E-009	-0.881617E-008	-0.437046E-007	-0.135721E-006	-0.325367E-006	-0.661111E-006	-0.119676E-005	-0.198824E-005	-0.308989E-005	-0.455014E-005	-0.640675E-005	-0.868162E-005	-0.113752E-004	-0.144605E-004	-0.178775E-004	-0.215264E-004	-0.252626E-004	-0.288905E-004	-0.321592E-004	-0.347585E-004	-0.363163E-004	-0.363974E-004	-0.345050E-004
	-0.567068E-009	-0.867580E-008	-0.429625E-007	-0.133212E-006	-0.318711E-006	-0.645947E-006	-0.116567E-005	-0.192932E-005	-0.298487E-005	-0.437202E-005	-0.611696E-005	-0.822662E-005	-0.106825E-004	-0.134342E-004	-0.163932E-004	-0.194260E-004	-0.223484E-004	-0.249196E-004	-0.268376E-004	-0.277358E-004	-0.271811E-004	-0.246737E-004	-0.196499E-004
	-0.551015E-009	-0.842159E-008	-0.416453E-007	-0.128870E-006	-0.307504E-006	-0.621141E-006	-0.111626E-005	-0.183821E-005	-0.282660E-005	-0.410989E-005	-0.569964E-005	-0.758403E-005	-0.972121E-005	-0.120322E-004	-0.143941E-004	-0.166330E-004	-0.185175E-004	-0.197537E-004	-0.199800E-004	-0.187647E-004	-0.156051E-004	-0.992863E-005	-0.109772E-005
	-0.525016E-009	-0.801885E-008	-0.395776E-007	-0.122135E-006	-0.290369E-006	-0.583796E-006	-0.104305E-005	-0.170541E-005	-0.259950E-005	-0.373945E-005	-0.511824E-005	-0.670074E-005	-0.841623E-005	-0.101508E-004	-0.117399E-004	-0.129608E-004	-0.135265E-004	-0.130800E-004	-0.111903E-004	-0.735073E-005	-0.979226E-006	0.857806E-005	0.220398E-004
	-0.486810E-009	-0.742169E-008	-0.365281E-007	-0.112273E-006	-0.265495E-006	-0.530107E-006	-0.938892E-006	-0.151843E-005	-0.228317E-005	-0.322883E-005	-0.432499E-005	-0.550736E-005	-0.666952E-005	-0.765470E-005	-0.824772E-005	-0.816741E-005	-0.706010E-005	-0.449452E-005	0.412966E-007	0.714055E-005	0.174751E-004	0.317892E-004	0.508894E-004
	-0.432214E-009	-0.656900E-008	-0.321900E-007	-0.983117E-007	-0.230484E-006	-0.455033E-006	-0.794279E-006	-0.126078E-005	-0.185063E-005	-0.253601E-005	-0.325692E-005	-0.391254E-005	-0.435220E-005	-0.436647E-005	-0.367856E-005	-0.193663E-005	0.129254E-005	0.652793E-005	0.143760E-004	0.255292E-004	0.407605E-004	0.609136E-004	0.868884E-004
	-0.355324E-009	-0.537910E-008	-0.261526E-007	-0.789488E-007	-0.182129E-006	-0.351839E-006	-0.596543E-006	-0.910448E-006	-0.126592E-005	-0.160501E-005	-0.183023E-005	-0.179492E-005	-0.129335E-005	-0.511330E-007	0.228378E-005	0.614871E-005	0.120721E-004	0.206764E-004	0.326782E-004	0.488831E-004	0.701772E-004	0.975117E-004	0.131883E-003
	-0.249805E-009	-0.374246E-008	-0.178620E-007	-0.524266E-007	-0.116102E-006	-0.211440E-006	-0.328595E-006	-0.437782E-006	-0.480623E-006	-0.360527E-006	0.676456E-007	0.100834E-005	0.273605E-005	0.560560E-005	0.100612E-004	0.166440E-004	0.259963E-004	0.388629E-004	0.560877E-004	0.786051E-004	0.107425E-003	0.143612E-003	0.188257E-003
	-0.105790E-009	-0.150793E-008	-0.656118E-008	-0.163446E-007	-0.264928E-007	-0.214390E-007	0.328666E-007	0.197639E-006	0.571189E-006	0.129986E-005	0.258966E-005	0.471819E-005	0.804625E-005	0.130286E-004	0.202230E-004	0.302965E-004	0.440279E-004	0.623062E-004	0.861219E-004	0.116553E-003	0.154743E-003	0.201871E-003	0.259115E-003
	0.907209E-010	0.153218E-008	0.879678E-008	0.326155E-007	0.948622E-007	0.235290E-006	0.520015E-006	0.105158E-005	0.198040E-005	0.351723E-005	0.594624E-005	0.963815E-005	0.150627E-004	0.227994E-004	0.335462E-004	0.481232E-004	0.674730E-004	0.926529E-004	0.124821E-003	0.165213E-003	0.215109E-003	0.275797E-003	0.348519E-003
	0.357982E-009	0.566980E-008	0.296801E-007	0.991049E-007	0.259407E-006	0.582739E-006	0.117790E-005	0.220208E-005	0.387409E-005	0.648862E-005	0.104309E-004	0.161909E-004	0.243767E-004	0.357244E-004	0.511051E-004	0.715260E-004	0.981244E-004	0.132154E-003	0.174958E-003	0.227941E-003	0.292517E-003	0.370056E-003	0.461825E-003
	0.723168E-009	0.113205E-007	0.581791E-007	0.189748E-006	0.483435E-006	0.105505E-005	0.207060E-005	0.376006E-005	0.643275E-005	0.104936E-004	0.164594E-004	0.249744E-004	0.368229E-004	0.529386E-004	0.744076E-004	0.102464E-003	0.138477E-003	0.183922E-003	0.240348E-003	0.309322E-003	0.392370E-003	0.490903E-003	0.606139E-003
	0.122550E-008	0.190874E-007	0.973258E-007	0.314149E-006	0.790557E-006	0.170169E-005	0.329090E-005	0.588604E-005	0.991731E-005	0.159358E-004	0.246315E-004	0.368489E-004	0.535993E-004	0.760663E-004	0.105603E-003	0.143719E-003	0.192052E-003	0.252327E-003	0.326299E-003	0.415681E-003	0.522057E-003	0.646791E-003	0.790934E-003
	0.192235E-008	0.298622E-007	0.151606E-006	0.486517E-006	0.121570E-005	0.259581E-005	0.497596E-005	0.881708E-005	0.147127E-004	0.234100E-004	0.358287E-004	0.530766E-004	0.764585E-004	0.107475E-003	0.147811E-003	0.199304E-003	0.263900E-003	0.343584E-003	0.440300E-003	0.555845E-003	0.691761E-003	0.849217E-003	0.102890E-002
	0.290164E-008	0.449966E-007	0.227815E-006	0.728370E-006	0.181176E-005	0.384813E-005	0.733321E-005	0.129115E-004	0.214002E-004	0.338126E-004	0.513774E-004	0.755510E-004	0.108020E-003	0.150689E-003	0.205649E-003	0.275121E-003	0.361386E-003	0.466675E-003	0.593052E-003	0.742273E-003	0.915647E-003	0.111390E-002	0.133708E-002
	0.429922E-008	0.665934E-007	0.336526E-006	0.107319E-005	0.266099E-005	0.563076E-005	0.106850E-004	0.187254E-004	0.308806E-004	0.485306E-004	0.733240E-004	0.107184E-003	0.152296E-003	0.211074E-003	0.286100E-003	0.380025E-003	0.495456E-003	0.634790E-003	0.800054E-003	0.992721E-003	0.121354E-002	0.146241E-002	0.173829E-002
	0.633396E-008	0.980302E-007	0.494718E-006	0.157473E-005	0.389544E-005	0.821990E-005	0.155480E-004	0.271494E-004	0.445940E-004	0.697754E-004	0.104922E-003	0.152584E-003	0.215600E-003	0.297019E-003	0.399987E-003	0.527596E-003	0.682681E-003	0.867608E-003	0.108404E-002	0.133272E-002	0.161331E-002	0.192428E-002	0.226292E-002
	0.937037E-008	0.144935E-006	0.730685E-006	0.232257E-005	0.573503E-005	0.120752E-004	0.227817E-004	0.396622E-004	0.649260E-004	0.101200E-003	0.151519E-003	0.219288E-003	0.308184E-003	0.422019E-003	0.564534E-003	0.739148E-003	0.948662E-003	0.119495E-002	0.147870E-002	0.179916E-002	0.215406E-002	0.253963E-002	0.295074E-002
	0.140434E-007	0.217113E-006	0.109372E-005	0.347268E-005	0.856265E-005	0.179965E-004	0.338786E-004	0.588272E-004	0.960000E-004	0.149089E-003	0.222272E-003	0.320097E-003	0.447294E-003	0.608506E-003	0.807940E-003	0.104897E-002	0.133370E-002	0.166261E-002	0.203428E-002	0.244525E-002	0.289014E-002	0.336187E-002	0.385217E-002
	0.215205E-007	0.332592E-006	0.167442E-005	0.531175E-005	0.130814E-004	0.274504E-004	0.515718E-004	0.893239E-004	0.145311E-003	0.224805E-003	0.333592E-003	0.477722E-003	0.663121E-003	0.895101E-003	0.117778E-002	0.151348E-002	0.190223E-002	0.234138E-002	0.282553E-002	0.334675E-002	0.389508E-002	0.445921E-002	0.502737E-002
	0.340963E-007	0.526797E-006	0.265081E-005	0.840267E-005	0.206707E-004	0.433093E-004	0.811975E-004	0.140250E-003	0.227341E-003	0.350104E-003	0.516553E-003	0.734521E-003	0.101091E-002	0.135082E-002	0.175667E-002	0.222743E-002	0.275821E-002	0.334030E-002	0.396163E-002	0.460775E-002	0.526302E-002	0.591186E-002	0.653984E-002
	0.566786E-007	0.875490E-006	0.440341E-005	0.139476E-004	0.342709E-004	0.716788E-004	0.134047E-003	0.230725E-003	0.372231E-003	0.569679E-003	0.833868E-003	0.117407E-002	0.159663E-002	0.210356E-002	0.269146E-002	0.335113E-002	0.406787E-002	0.482270E-002	0.559420E-002	0.636048E-002	0.710111E-002	0.779848E-002	0.843867E-002
	0.100998E-006	0.155967E-005	0.784047E-005	0.248107E-004	0.608662E-004	0.126987E-003	0.236595E-003	0.405069E-003	0.648746E-003	0.983326E-003	0.142171E-002	0.197152E-002	0.263284E-002	0.339665E-002	0.424479E-002	0.515137E-002	0.608563E-002	0.701539E-002	0.791048E-002	0.874524E-002	0.949993E-002	0.101611E-001	0.107211E-001
	0.199694E-006	0.308245E-005	0.154813E-004	0.489072E-004	0.119638E-003	0.248475E-003	0.459819E-003	0.779690E-003	0.123248E-002	0.183660E-002	0.259964E-002	0.351454E-002	0.455798E-002	0.569216E-002	0.686960E-002	0.803980E-002	0.915579E-002	0.101789E-001	0.110811E-001	0.118454E-001	0.124640E-001	0.129367E-001	0.132687E-001
	0.466049E-006	0.718588E-005	0.360059E-004	0.113276E-003	0.275224E-003	0.565689E-003	0.103116E-002	0.171262E-002	0.263500E-002	0.379704E-002	0.516562E-002	0.667791E-002	0.825160E-002	0.979969E-002	0.112445E-001	0.125269E-001	0.136092E-001	0.144741E-001	0.151196E-001	0.155548E-001	0.157952E-001	0.158598E-001	0.157687E-001
	0.147325E-005	0.224295E-004	0.111393E-003	0.345635E-003	0.822184E-003	0.163915E-002	0.286732E-002	0.451924E-002	0.653076E-002	0.876804E-002	0.110595E-001	0.132374E-001	0.151701E-001	0.167760E-001	0.180201E-001	0.189032E-001	0.194485E-001	0.196910E-001	0.196703E-001	0.194255E-001	0.189934E-001	0.184071E-001	0.176954E-001
	0.657118E-005	0.125340E-003	0.599667E-003	0.175092E-002	0.378311E-002	0.675217E-002	0.103639E-001	0.142195E-001	0.178775E-001	0.210261E-001	0.235076E-001	0.252870E-001	0.264064E-001	0.269461E-001	0.269978E-001	0.266510E-001	0.259864E-001	0.250733E-001	0.239699E-001	0.227245E-001	0.213763E-001	0.199574E-001	0.184934E-001
	0.719657E-003	0.332616E-002	0.334829E-002	0.908570E-002	0.155168E-001	0.239313E-001	0.298420E-001	0.347727E-001	0.381536E-001	0.402938E-001	0.410367E-001	0.408135E-001	0.398636E-001	0.383722E-001	0.365049E-001	0.343804E-001	0.320936E-001	0.297156E-001	0.272999E-001	0.248859E-001	0.225022E-001	0.201695E-001	0.179022E-001
	-0.495583E-002	0.240342E-002	0.160732E-002	0.453850E-002	0.775940E-002	0.153081E-001	0.213983E-001	0.310346E-001	0.410002E-001	0.466434E-001	0.489484E-001	0.498551E-001	0.487570E-001	0.466354E-001	0.436935E-001	0.402727E-001	0.366257E-001	0.329086E-001	0.292404E-001	0.256677E-001	0.222418E-001	0.189823E-001	0.158996E-001
	-0.442327E-003	0.246798E-004	0.594959E-003	-0.101479E-002	0.280016E-002	0.674134E-002	0.101080E-001	0.169286E-001	0.287616E-001	0.351361E-001	0.410419E-001	0.457597E-001	0.476240E-001	0.474842E-001	0.452639E-001	0.420334E-001	0.379475E-001	0.334720E-001	0.289713E-001	0.244762E-001	0.201440E-001	0.160328E-001	0.121800E-001
	-0.505316E-002	-0.149437E-002	0.392802E-002	-0.538384E-002	0.204350E-002	0.414073E-002	0.668259E-002	0.109545E-001	0.185679E-001	0.234383E-001	0.295226E-001	0.356104E-001	0.395559E-001	0.412774E-001	0.405936E-001	0.384905E-001	0.346160E-001	0.302212E-001	0.252702E-001	0.202227E-001	0.152088E-001	0.104296E-001	0.593512E-002
	0.949997E-002	0.314441E-002	-0.732704E-002	-0.379033E-002	0.249946E-002	0.144886E-002	0.665725E-002	0.900974E-002	0.120290E-001	0.149245E-001	0.186132E-001	0.252309E-001	0.294892E-001	0.323928E-001	0.320592E-001	0.301832E-001	0.267402E-001	0.225374E-001	0.172583E-001	0.118321E-001	0.633444E-002	0.107375E-002	-0.390905E-002
	0.558563E-002	-0.220732E-002	-0.379360E-003	0.601980E-002	0.343301E-003	0.172460E-002	0.294682E-002	0.576065E-002	0.777430E-002	0.120694E-001	0.133094E-001	0.171120E-001	0.197633E-001	0.211805E-001	0.208491E-001	0.187732E-001	0.148398E-001	0.988835E-002	0.440503E-002	-0.152767E-002	-0.749743E-002	-0.132138E-001	-0.185703E-001
	-0.589574E-002	-0.267430E-002	-0.118176E-002	-0.299162E-002	0.140754E-002	-0.732080E-002	0.723242E-002	0.194137E-002	0.501828E-002	0.528657E-002	0.915704E-002	0.970944E-002	0.108428E-001	0.110402E-001	0.793847E-002	0.405890E-002	-0.153212E-002	-0.744296E-002	-0.140616E-001	-0.210165E-001	-0.275722E-001	-0.337685E-001	-0.394893E-001
	0.279075E-002	-0.162165E-002	-0.986803E-003	-0.222509E-002	-0.297611E-002	0.176538E-002	0.308571E-003	0.342532E-002	0.282511E-002	0.232175E-002	0.430192E-002	0.316216E-002	-0.528119E-003	-0.399791E-002	-0.910535E-002	-0.158033E-001	-0.240718E-001	-0.314896E-001	-0.403041E-001	-0.476735E-001	-0.553981E-001	-0.622932E-001	-0.685539E-001
	-0.461053E-003	-0.270670E-002	-0.819832E-002	0.138261E-002	-0.135385E-002	0.321102E-002	0.738295E-002	-0.105591E-002	-0.551044E-002	-0.329394E-002	-0.545497E-002	-0.963813E-002	-0.163503E-001	-0.231412E-001	-0.326520E-001	-0.410017E-001	-0.533279E-001	-0.625528E-001	-0.735032E-001	-0.836111E-001	-0.920459E-001	-0.999896E-001	-0.106524E+000
	0.107954E-001	0.360971E-002	-0.173876E-003	-0.136660E-002	-0.178818E-002	-0.202080E-002	-0.569706E-003	-0.611159E-002	-0.847475E-002	-0.154620E-001	-0.229562E-001	-0.283527E-001	-0.419995E-001	-0.476498E-001	-0.582723E-001	-0.710485E-001	-0.868888E-001	-0.959257E-001	-0.107108E+000	-0.120366E+000	-0.130444E+000	-0.142472E+000	-0.152175E+000
	-0.683717E-002	-0.118345E-001	-0.968913E-002	-0.189508E-001	-0.446514E-002	-0.993450E-002	-0.283380E-001	-0.236485E-001	-0.269751E-001	-0.243218E-001	-0.333301E-001	-0.634213E-001	-0.385844E-001	-0.545970E-001	-0.724155E-001	-0.811471E-001	-0.934186E-001	-0.111600E+000	-0.116496E+000	-0.141340E+000	-0.154291E+000	-0.167353E+000	-0.181786E+000
	-0.334762E-002	-0.678613E-002	-0.352838E-002	-0.171519E-001	-0.420884E-002	-0.103038E-001	-0.282098E-001	-0.996893E-002	-0.344508E-001	-0.227788E-002	-0.180446E-001	-0.466133E-001	-0.539555E-001	-0.643827E-001	-0.648539E-001	-0.610963E-001	-0.731924E-001	-0.896653E-001	-0.106792E+000	-0.116569E+000	-0.122721E+000	-0.167889E+000	-0.162503E+000
	0.107755E-002	0.134101E-002	-0.203853E-002	-0.354990E-003	-0.141505E-001	-0.212574E-001	-0.285059E-001	-0.276014E-001	-0.262527E-001	-0.428710E-001	-0.162472E-001	0.446976E-002	-0.168358E-001	-0.431610E-001	-0.435271E-001	-0.429569E-001	-0.622638E-001	-0.789197E-001	-0.749239E-001	-0.105098E+000	-0.129932E+000	-0.109837E+000	-0.138270E+000
	0.180931E-001	0.206261E-003	-0.376161E-002	-0.433456E-003	0.168361E-001	-0.410797E-002	-0.363759E-002	-0.607303E-002	0.231372E-002	-0.232667E-002	-0.677257E-002	0.115582E-001	-0.128035E-001	-0.808705E-002	-0.167757E-001	-0.834242E-001	-0.346689E-001	-0.154022E-001	-0.580698E-001	-0.689137E-001	-0.722050E-001	-0.886503E-001	-0.670791E-001
	0.863135E-002	0.700362E-003	-0.412817E-002	-0.106006E-001	-0.265972E-001	0.649815E-004	-0.338498E-001	-0.407339E-002	-0.105832E-001	-0.305261E-001	-0.450391E-002	-0.109109E-001	-0.447573E-002	-0.294837E-001	-0.466659E-001	-0.509110E-001	-0.280429E-001	-0.458814E-001	-0.675701E-001	-0.270980E-001	-0.382803E-001	-0.425262E-001	-0.617800E-001
	-0.190501E-001	-0.315569E-002	-0.321041E-001	0.114634E-002	0.147711E-003	-0.157065E-001	-0.455698E-002	0.100020E-002	0.604959E-002	-0.112538E-001	-0.899041E-003	-0.266331E-002	-0.615210E-002	-0.694235E-002	0.167975E-001	-0.141449E-002	-0.228098E-001	-0.120665E-001	-0.314477E-001	-0.336752E-001	-0.239129E-001	-0.284621E-001	-0.396781E-001
	0.109786E-002	0.228842E-002	-0.277268E-003	-0.137239E-001	-0.264316E-002	-0.124582E-001	-0.235011E-001	-0.548407E-002	-0.142104E-001	-0.215082E-001	-0.241866E-001	0.140068E-001	0.228156E-001	0.918139E-002	-0.155813E-001	-0.364580E-001	-0.103975E-001	-0.349596E-001	0.122052E-003	-0.176414E-001	-0.232474E-001	-0.144311E-001	-0.250682E-001
	0.400546E-003	0.274376E-002	0.127719E-003	0.139062E-004	0.130255E-003	-0.106306E-001	0.452462E-002	0.108599E-001	0.346786E-001	-0.181172E-002	0.121165E-001	-0.209346E-002	0.348231E-002	-0.150859E-002	0.157521E-001	-0.199840E-001	-0.432638E-001	-0.386823E-002	-0.211780E-001	-0.530591E-001	-0.134049E-001	-0.169811E-001	-0.112575E-001
	-0.683665E-004	0.267674E-002	-0.902906E-005	-0.252171E-001	0.420845E-002	0.112994E-002	-0.118411E-001	-0.953561E-003	-0.323904E-003	0.151227E-002	-0.688735E-002	0.232054E-002	0.305213E-003	-0.568463E-002	0.240340E-001	-0.524709E-002	-0.484716E-002	-0.841584E-002	-0.124885E-001	-0.280055E-001	-0.160625E-001	-0.150655E-001	-0.267494E-001
	-0.225694E-002	-0.447804E-003	-0.759605E-004	0.124125E-003	0.164127E-004	-0.426637E-003	-0.653860E-002	-0.133630E-002	-0.177112E-002	-0.257449E-001	-0.105983E-001	0.282819E-003	-0.558477E-003	-0.139023E-001	-0.664437E-002	-0.197925E-002	-0.335316E-002	-0.330759E-002	-0.100559E-001	-0.211039E-001	-0.162993E-001	-0.308814E-001	-0.100588E-001
	-0.203176E-002	-0.178070E-003	-0.648263E-002	-0.109725E-001	-0.155019E-003	-0.209993E-001	0.197215E-002	-0.179479E-002	-0.265125E-003	0.266214E-002	0.173041E-002	-0.108652E-001	-0.120012E-002	-0.279521E-001	-0.340761E-003	-0.212420E-001	-0.180254E-001	-0.128363E-001	0.312298E-001	-0.295162E-001	0.118297E-001	-0.537913E-002	-0.618627E-002
	-0.262874E-003	0.118610E-002	0.489582E-004	-0.886958E-003	0.128352E-002	-0.108369E-001	0.124074E-001	0.705695E-003	-0.197978E-003	-0.559213E-003	-0.107675E-002	-0.157677E-001	-0.164606E-002	-0.187924E-002	-0.237354E-002	0.145050E-001	-0.187316E-002	-0.200170E-001	-0.324818E-001	-0.720561E-002	-0.105633E-001	-0.371166E-001	-0.168650E-001
	-0.336392E-004	-0.671510E-002	0.542627E-002	-0.287361E-003	-0.191112E-002	-0.405611E-002	-0.258819E-002	-0.240346E-002	0.427087E-002	-0.756492E-003	-0.770537E-002	0.981547E-002	-0.192294E-001	0.269870E-002	0.102012E-001	0.638297E-002	-0.533007E-003	0.240997E-002	-0.138789E-001	-0.344416E-002	-0.576810E-001	0.221234E-002	-0.364838E-002
	-0.285498E-001	-0.171254E-003	0.230887E-004	0.233957E-003	-0.180131E-001	-0.226075E-003	0.122731E-002	-0.727781E-003	-0.845517E-002	0.287353E-003	-0.465144E-003	0.114276E-001	-0.258726E-001	-0.371167E-001	-0.184295E-002	-0.271108E-001	-0.129680E-001	-0.106797E-001	-0.204472E-003	-0.163155E-001	0.410131E-002	-0.557117E-002	-0.743157E-003
	-0.287749E-003	0.115241E-003	-0.131328E-002	-0.201310E-003	-0.571825E-002	0.635254E-002	0.378621E-004	-0.129645E-001	0.606960E-002	-0.163583E-002	-0.125955E-003	-0.406784E-002	0.420791E-002	-0.787067E-003	-0.118020E-001	0.142273E-002	0.924951E-002	-0.814143E-003	0.869556E-004	-0.314650E-002	-0.886761E-002	-0.110910E-002	0.134367E-001
	0.163927E-003	-0.130253E-001	-0.286152E-004	-0.159067E-003	-0.395376E-002	0.245833E-001	-0.731677E-002	-0.376257E-003	0.300250E-002	-0.169259E-003	-0.520598E-002	0.148893E-002	-0.122928E-001	-0.617028E-003	-0.385612E-001	0.237843E-001	0.892988E-003	0.208910E-002	-0.354598E-002	-0.190655E-002	-0.126354E-002	-0.460038E-002	-0.848879E-002
	-0.316331E-002	0.396166E-003	0.824666E-003	-0.746691E-003	-0.159235E-001	-0.275206E-003	-0.129345E-003	-0.397752E-002	0.149671E-002	-0.173180E-002	-0.418680E-003	-0.900922E-002	0.175045E-002	-0.690941E-003	-0.256211E-003	-0.516235E-001	-0.271070E-001	-0.894766E-002	0.869811E-003	0.287303E-003	-0.309014E-002	-0.113469E-002	-0.404354E-002
	-0.207549E-003	0.237743E-002	0.767678E-002	0.449774E-004	-0.839421E-003	0.762290E-003	-0.205542E-001	0.338166E-002	-0.100834E-001	0.518420E-002	-0.225308E-003	-0.535224E-002	-0.624804E-002	0.841855E-002	-0.484999E-003	-0.593230E-003	0.201602E-001	0.284066E-002	-0.188862E-002	0.289062E-003	-0.621518E-003	-0.243709E-002	0.824667E-003
	-0.174886E-001	0.239582E-003	-0.881933E-002	-0.636823E-003	-0.328677E-003	0.140326E-002	-0.134012E-001	-0.790973E-003	-0.193492E-001	0.104045E-002	-0.431487E-003	-0.641418E-003	-0.354397E-001	-0.159173E-002	-0.112223E-001	-0.723874E-002	-0.141942E-001	-0.210314E-001	-0.106747E-001	0.238121E-002	-0.131323E-001	0.355008E-002	-0.693676E-002
	-0.369230E-003	0.263391E-002	-0.203122E-003	0.282434E-003	-0.759163E-002	-0.584700E-003	-0.346714E-004	0.589160E-002	-0.949635E-002	0.174744E-002	-0.147335E-002	-0.425322E-002	0.346734E-002	0.535553E-002	0.457378E-002	0.282366E-003	-0.178691E-001	0.229337E-002	-0.276916E-002	0.981320E-002	-0.335597E-001	0.820265E-002	-0.852778E-002
	-0.703593E-003	-0.522130E-003	-0.284637E-002	0.539799E-003	-0.845016E-002	-0.858091E-003	0.156630E-001	-0.165191E-001	-0.207487E-001	0.209666E-001	-0.786839E-004	0.593159E-002	0.441071E-002	-0.338005E-001	-0.196468E-003	0.250019E-001	-0.178018E-002	-0.349761E-001	-0.768795E-003	-0.609960E-002	-0.438385E-001	0.364701E-003	-0.262494E-001
	0.101004E-003	-0.101342E-001	0.190794E-003	0.427922E-002	-0.463287E-003	-0.108545E-003	-0.132081E-002	-0.703346E-002	0.549412E-004	-0.362612E-002	-0.195127E-002	-0.622225E-002	0.100162E-001	-0.200766E-004	-0.805097E-002	-0.187384E-002	-0.955501E-003	0.248719E-003	0.215760E-002	0.909477E-002	-0.891818E-003	0.326925E-003	0.161321E-003
	-0.266211E-002	-0.589598E-002	-0.766362E-002	-0.278081E-001	-0.310806E-003	0.109907E-002	0.196428E-002	-0.535149E-003	-0.285217E-002	-0.666684E-002	0.203006E-003	-0.312599E-002	0.165910E-003	-0.112421E-002	0.174776E-003	0.666594E-003	-0.519667E-003	0.172932E-002	-0.331598E-001	-0.686340E-003	0.865814E-002	-0.340607E-002	-0.495988E-001
	-0.402507E-001	0.211281E-001	0.745517E-002	-0.207584E-003	0.157378E-001	-0.389053E-002	0.141149E-002	0.532305E-004	-0.175079E-001	0.230945E-002	0.743800E-002	0.111240E-002	-0.274135E-002	-0.169340E-001	0.124474E-001	-0.622334E-002	0.664066E-002	0.175854E-002	-0.168214E-001	-0.187381E-002	-0.236157E-002	-0.471910E-001	0.347362E-002
	0.117409E-001	0.144825E-001	-0.161770E-002	-0.292055E-002	-0.114305E-002	-0.395807E-003	0.237456E-002	0.104854E-003	-0.103728E-002	-0.142176E-001	-0.668216E-002	-0.714799E-002	-0.824962E-002	0.582022E-002	-0.113602E-002	-0.682147E-002	-0.502247E-002	0.110468E-001	0.514534E-002	0.186451E-001	-0.310854E-002	-0.183735E-002	-0.385111E-001
	-0.347935E-003	0.461116E-002	0.266865E-002	-0.862452E-002	-0.882616E-002	-0.169220E-001	0.137106E-002	-0.398532E-003	-0.145584E-001	-0.118247E-001	-0.272014E-002	-0.177571E-001	-0.180310E-001	-0.301568E-002	-0.204271E-001	0.138820E-002	0.152883E-001	0.813892E-003	-0.316873E-001	-0.173925E-002	-0.251732E-002	-0.212035E-001	0.214866E-001
	-0.409393E-002	0.573717E-002	-0.358869E-002	0.124438E-002	0.186204E-001	-0.342900E-002	-0.281030E-002	0.130198E-002	0.887784E-002	0.149392E-002	-0.302825E-002	0.112096E-001	-0.671007E-003	-0.178856E-002	0.172494E-002	0.713271E-002	-0.128638E-003	0.204907E-002	0.105010E-002	-0.455026E-003	-0.688695E-002	-0.182744E-002	0.467947E-002
	0.460512E-002	0.226238E-001	-0.108556E-001	0.576112E-003	-0.157836E-002	0.614496E-003	-0.804338E-002	0.178559E-002	-0.122007E-002	-0.699691E-002	0.831664E-003	0.119913E-001	-0.236116E-002	0.870375E-003	-0.482725E-003	0.169744E-003	0.287553E-002	-0.654249E-003	0.128874E-003	-0.480723E-003	0.290516E-002	-0.338370E-002	-0.254173E-002
	0.136312E-002	0.681182E-002	0.523415E-003	-0.118837E-002	0.339828E-003	-0.786757E-003	0.120965E-002	-0.521683E-002	-0.365583E-002	-0.110574E-002	0.299678E-003	-0.228077E-002	-0.259564E-002	-0.127759E-002	-0.369527E-001	-0.476878E-002	-0.274597E-002	-0.130720E-002	0.229078E-002	-0.521759E-004	0.138177E-002	-0.270904E-002	-0.684736E-002
	-0.512398E-002	0.132924E-001	-0.384876E-002	-0.165065E-001	-0.147658E-001	-0.605203E-002	0.275324E-004	-0.139150E-002	-0.122456E-002	-0.144364E-001	-0.684051E-002	-0.295820E-002	0.296210E-002	-0.127186E-001	0.193326E-001	0.282242E-003	-0.309018E-002	-0.264768E-002	0.333358E-002	-0.262443E-001	-0.258334E-001	-0.238591E-001	-0.300288E-001
	-0.131020E-002	-0.315378E-002	-0.204858E-002	0.175485E-002	0.207284E-002	0.721489E-003	0.103285E-001	-0.191772E-002	-0.103139E-001	-0.353623E-002	0.696221E-003	-0.265358E-001	0.838135E-003	-0.596511E-003	-0.544954E-002	0.755136E-002	0.107837E-002	-0.102481E-001	-0.867632E-002	-0.238916E-002	0.436183E-002	0.419256E-002	0.257015E-001
